Week Month Day Year DY Flood Critical AssuredRefill LowerLimit BiOp VariableRefill OperatingRuleCurve RefillReq
1 8 5 1979 1980 593600 711282 0 0 1540000 1540000 593600 44680
2 8 12 1979 1980 638280 711282 0 0 1540000 1540000 638280 44680
3 8 19 1979 1980 682960 711282 0 0 1540000 1540000 682960 28322
4 8 26 1979 1980 727640 711282 0 0 1540000 1540000 711282 0
5 9 2 1979 1980 772320 711282 0 0 1540000 1540000 711282 26430
6 9 9 1979 1980 817000 737712 0 0 1540000 1540000 737712 26429
7 9 16 1979 1980 817000 764141 0 0 1540000 1540000 764141 26430
8 9 23 1979 1980 817000 790571 0 0 1540000 1540000 790571 26429
9 9 30 1979 1980 817000 817000 0 0 1540000 1540000 817000 0
10 10 7 1979 1980 817000 817000 0 0 1540000 1540000 817000 0
11 10 14 1979 1980 817000 817000 0 0 1540000 1540000 817000 0
12 10 21 1979 1980 817000 817000 0 0 1540000 1540000 817000 0
13 10 28 1979 1980 817000 817000 0 0 1540000 1540000 817000 0
14 11 4 1979 1980 817000 817000 0 0 1540000 1540000 817000 0
15 11 11 1979 1980 817000 817000 0 0 1540000 1540000 817000 0
16 11 18 1979 1980 817000 817000 0 0 1540000 1540000 817000 0
17 11 25 1979 1980 817000 817000 0 0 1540000 1540000 817000 0
18 12 2 1979 1980 817000 817000 0 0 1540000 1540000 817000 0
19 12 9 1979 1980 817000 817000 0 0 1540000 1540000 817000 0
20 12 16 1979 1980 817000 817000 0 0 1540000 1540000 817000 0
21 12 23 1979 1980 817000 817000 0 0 1540000 1540000 817000 0
22 12 30 1979 1980 817000 817000 0 0 1540000 1540000 817000 -6307
23 1 6 1980 1980 816730 810693 0 0 1540000 1540000 810693 -6307
24 1 13 1980 1980 816730 804386 0 0 1540000 1540000 804386 -25201
25 1 20 1980 1980 779185 798078 0 0 1540000 1540000 779185 -37544
26 1 27 1980 1980 741641 791771 0 0 1540000 1540000 741641 -37545
27 2 3 1980 1980 704096 785464 0 0 1540000 1540000 704096 -34096
28 2 10 1980 1980 670000 741828 0 0 1540000 1540000 670000 -43625
29 2 17 1980 1980 626375 698192 0 0 1540000 1540000 626375 -43625
30 2 24 1980 1980 582750 654555 0 0 1540000 1540000 582750 -43625
31 3 2 1980 1980 539125 610919 0 0 1540000 1540000 539125 -43625
32 3 9 1980 1980 495500 529101 0 0 1540000 1540000 495500 -82325
33 3 16 1980 1980 413175 447283 0 0 1540000 1540000 413175 -82325
34 3 23 1980 1980 330850 365464 0 0 1540000 1540000 330850 -82325
35 3 30 1980 1980 248525 283646 0 0 1540000 1540000 248525 -82325
36 4 6 1980 1980 166200 283646 0 0 1540000 1540000 166200 25141
37 4 13 1980 1980 191341 283646 0 0 1540000 1540000 191341 25141
38 4 20 1980 1980 216482 283646 0 0 1540000 1540000 216482 25142
39 4 27 1980 1980 241624 283646 0 0 1540000 1540000 241624 25141
40 5 4 1980 1980 266765 283646 0 0 1540000 1540000 266765 16881
41 5 11 1980 1980 291906 283646 0 0 1540000 1540000 283646 0
42 5 18 1980 1980 317047 283646 0 0 1540000 1540000 283646 0
43 5 25 1980 1980 342188 283646 0 0 1540000 1540000 283646 0
44 6 1 1980 1980 367329 283646 0 0 1540000 1540000 283646 106909
45 6 8 1980 1980 392471 390555 0 0 1540000 1540000 390555 27057
46 6 15 1980 1980 417612 497464 0 0 1540000 1540000 417612 25141
47 6 22 1980 1980 442753 604373 0 0 1540000 1540000 442753 25141
48 6 29 1980 1980 467894 711282 0 0 1540000 1540000 467894 25141
49 7 6 1980 1980 493035 711282 0 0 1540000 1540000 493035 25141
50 7 13 1980 1980 518176 711282 0 0 1540000 1540000 518176 25142
51 7 20 1980 1980 543318 711282 0 0 1540000 1540000 543318 25141
52 7 27 1980 1980 568459 711282 0 0 1540000 1540000 568459 25141
1 8 3 1980 1981 593600 711282 0 0 1540000 1540000 593600 44680
2 8 10 1980 1981 638280 711282 0 0 1540000 1540000 638280 44680
3 8 17 1980 1981 682960 711282 0 0 1540000 1540000 682960 28322
4 8 24 1980 1981 727640 711282 0 0 1540000 1540000 711282 0
5 8 31 1980 1981 772320 711282 0 0 1540000 1540000 711282 26430
6 9 7 1980 1981 817000 737712 0 0 1540000 1540000 737712 26429
7 9 14 1980 1981 817000 764141 0 0 1540000 1540000 764141 26430
8 9 21 1980 1981 817000 790571 0 0 1540000 1540000 790571 26429
9 9 28 1980 1981 817000 817000 0 0 1540000 1540000 817000 0
10 10 5 1980 1981 817000 817000 0 0 1540000 1540000 817000 0
11 10 12 1980 1981 817000 817000 0 0 1540000 1540000 817000 0
12 10 19 1980 1981 817000 817000 0 0 1540000 1540000 817000 0
13 10 26 1980 1981 817000 817000 0 0 1540000 1540000 817000 0
14 11 2 1980 1981 817000 817000 0 0 1540000 1540000 817000 0
15 11 9 1980 1981 817000 817000 0 0 1540000 1540000 817000 0
16 11 16 1980 1981 817000 817000 0 0 1540000 1540000 817000 0
17 11 23 1980 1981 817000 817000 0 0 1540000 1540000 817000 0
18 11 30 1980 1981 817000 817000 0 0 1540000 1540000 817000 0
19 12 7 1980 1981 817000 817000 0 0 1540000 1540000 817000 0
20 12 14 1980 1981 817000 817000 0 0 1540000 1540000 817000 0
21 12 21 1980 1981 817000 817000 0 0 1540000 1540000 817000 0
22 12 28 1980 1981 817000 817000 0 0 1540000 1540000 817000 -6307
23 1 4 1981 1981 816730 810693 0 0 1540000 1540000 810693 -6307
24 1 11 1981 1981 816730 804386 0 0 1540000 1540000 804386 -25201
25 1 18 1981 1981 779185 798078 0 0 1540000 1540000 779185 -37544
26 1 25 1981 1981 741641 791771 0 0 1540000 1540000 741641 -37545
27 2 1 1981 1981 704096 785464 0 0 1540000 1540000 704096 -34096
28 2 8 1981 1981 670000 741828 0 0 1540000 1540000 670000 -43625
29 2 15 1981 1981 626375 698192 0 0 1540000 1540000 626375 -43625
30 2 22 1981 1981 582750 654555 0 0 1540000 1540000 582750 -43625
31 3 1 1981 1981 539125 610919 0 0 1540000 1540000 539125 -43625
32 3 8 1981 1981 495500 529101 0 0 1540000 1540000 495500 -82325
33 3 15 1981 1981 413175 447283 0 0 1540000 1540000 413175 -82325
34 3 22 1981 1981 330850 365464 0 0 1540000 1540000 330850 -82325
35 3 29 1981 1981 248525 283646 0 0 1540000 1540000 248525 -82325
36 4 5 1981 1981 166200 283646 0 0 1540000 1540000 166200 25141
37 4 12 1981 1981 191341 283646 0 0 1540000 1540000 191341 25141
38 4 19 1981 1981 216482 283646 0 0 1540000 1540000 216482 25142
39 4 26 1981 1981 241624 283646 0 0 1540000 1540000 241624 25141
40 5 3 1981 1981 266765 283646 0 0 1540000 1540000 266765 16881
41 5 10 1981 1981 291906 283646 0 0 1540000 1540000 283646 0
42 5 17 1981 1981 317047 283646 0 0 1540000 1540000 283646 0
43 5 24 1981 1981 342188 283646 0 0 1540000 1540000 283646 0
44 5 31 1981 1981 367329 283646 0 0 1540000 1540000 283646 106909
45 6 7 1981 1981 392471 390555 0 0 1540000 1540000 390555 27057
46 6 14 1981 1981 417612 497464 0 0 1540000 1540000 417612 25141
47 6 21 1981 1981 442753 604373 0 0 1540000 1540000 442753 25141
48 6 28 1981 1981 467894 711282 0 0 1540000 1540000 467894 25141
49 7 5 1981 1981 493035 711282 0 0 1540000 1540000 493035 25141
50 7 12 1981 1981 518176 711282 0 0 1540000 1540000 518176 25142
51 7 19 1981 1981 543318 711282 0 0 1540000 1540000 543318 25141
52 7 26 1981 1981 568459 711282 0 0 1540000 1540000 568459 25141
1 8 2 1981 1982 593600 711282 0 0 1540000 1540000 593600 44680
2 8 9 1981 1982 638280 711282 0 0 1540000 1540000 638280 44680
3 8 16 1981 1982 682960 711282 0 0 1540000 1540000 682960 28322
4 8 23 1981 1982 727640 711282 0 0 1540000 1540000 711282 0
5 8 30 1981 1982 772320 711282 0 0 1540000 1540000 711282 26430
6 9 6 1981 1982 817000 737712 0 0 1540000 1540000 737712 26429
7 9 13 1981 1982 817000 764141 0 0 1540000 1540000 764141 26430
8 9 20 1981 1982 817000 790571 0 0 1540000 1540000 790571 26429
9 9 27 1981 1982 817000 817000 0 0 1540000 1540000 817000 0
10 10 4 1981 1982 817000 817000 0 0 1540000 1540000 817000 0
11 10 11 1981 1982 817000 817000 0 0 1540000 1540000 817000 0
12 10 18 1981 1982 817000 817000 0 0 1540000 1540000 817000 0
13 10 25 1981 1982 817000 817000 0 0 1540000 1540000 817000 0
14 11 1 1981 1982 817000 817000 0 0 1540000 1540000 817000 0
15 11 8 1981 1982 817000 817000 0 0 1540000 1540000 817000 0
16 11 15 1981 1982 817000 817000 0 0 1540000 1540000 817000 0
17 11 22 1981 1982 817000 817000 0 0 1540000 1540000 817000 0
18 11 29 1981 1982 817000 817000 0 0 1540000 1540000 817000 0
19 12 6 1981 1982 817000 817000 0 0 1540000 1540000 817000 0
20 12 13 1981 1982 817000 817000 0 0 1540000 1540000 817000 0
21 12 20 1981 1982 817000 817000 0 0 1540000 1540000 817000 0
22 12 27 1981 1982 817000 817000 0 0 1540000 1540000 817000 -6307
23 1 3 1982 1982 816730 810693 0 0 1540000 1540000 810693 -6307
24 1 10 1982 1982 816730 804386 0 0 1540000 1540000 804386 -25201
25 1 17 1982 1982 779185 798078 0 0 1540000 1540000 779185 -37544
26 1 24 1982 1982 741641 791771 0 0 1540000 1540000 741641 -37545
27 1 31 1982 1982 704096 785464 0 0 1540000 1540000 704096 -34096
28 2 7 1982 1982 670000 741828 0 0 1540000 1540000 670000 -43625
29 2 14 1982 1982 626375 698192 0 0 1540000 1540000 626375 -43625
30 2 21 1982 1982 582750 654555 0 0 1540000 1540000 582750 -43625
31 2 28 1982 1982 539125 610919 0 0 1540000 1540000 539125 -43625
32 3 7 1982 1982 495500 529101 0 0 1540000 1540000 495500 -82325
33 3 14 1982 1982 413175 447283 0 0 1540000 1540000 413175 -82325
34 3 21 1982 1982 330850 365464 0 0 1540000 1540000 330850 -82325
35 3 28 1982 1982 248525 283646 0 0 1540000 1540000 248525 -82325
36 4 4 1982 1982 166200 283646 0 0 1540000 1540000 166200 25141
37 4 11 1982 1982 191341 283646 0 0 1540000 1540000 191341 25141
38 4 18 1982 1982 216482 283646 0 0 1540000 1540000 216482 25142
39 4 25 1982 1982 241624 283646 0 0 1540000 1540000 241624 25141
40 5 2 1982 1982 266765 283646 0 0 1540000 1540000 266765 16881
41 5 9 1982 1982 291906 283646 0 0 1540000 1540000 283646 0
42 5 16 1982 1982 317047 283646 0 0 1540000 1540000 283646 0
43 5 23 1982 1982 342188 283646 0 0 1540000 1540000 283646 0
44 5 30 1982 1982 367329 283646 0 0 1540000 1540000 283646 106909
45 6 6 1982 1982 392471 390555 0 0 1540000 1540000 390555 27057
46 6 13 1982 1982 417612 497464 0 0 1540000 1540000 417612 25141
47 6 20 1982 1982 442753 604373 0 0 1540000 1540000 442753 25141
48 6 27 1982 1982 467894 711282 0 0 1540000 1540000 467894 25141
49 7 4 1982 1982 493035 711282 0 0 1540000 1540000 493035 25141
50 7 11 1982 1982 518176 711282 0 0 1540000 1540000 518176 25142
51 7 18 1982 1982 543318 711282 0 0 1540000 1540000 543318 25141
52 7 25 1982 1982 568459 711282 0 0 1540000 1540000 568459 25141
1 8 1 1982 1983 593600 711282 0 0 1540000 1540000 593600 44680
2 8 8 1982 1983 638280 711282 0 0 1540000 1540000 638280 44680
3 8 15 1982 1983 682960 711282 0 0 1540000 1540000 682960 28322
4 8 22 1982 1983 727640 711282 0 0 1540000 1540000 711282 0
5 8 29 1982 1983 772320 711282 0 0 1540000 1540000 711282 26430
6 9 5 1982 1983 817000 737712 0 0 1540000 1540000 737712 26429
7 9 12 1982 1983 817000 764141 0 0 1540000 1540000 764141 26430
8 9 19 1982 1983 817000 790571 0 0 1540000 1540000 790571 26429
9 9 26 1982 1983 817000 817000 0 0 1540000 1540000 817000 0
10 10 3 1982 1983 817000 817000 0 0 1540000 1540000 817000 0
11 10 10 1982 1983 817000 817000 0 0 1540000 1540000 817000 0
12 10 17 1982 1983 817000 817000 0 0 1540000 1540000 817000 0
13 10 24 1982 1983 817000 817000 0 0 1540000 1540000 817000 0
14 10 31 1982 1983 817000 817000 0 0 1540000 1540000 817000 0
15 11 7 1982 1983 817000 817000 0 0 1540000 1540000 817000 0
16 11 14 1982 1983 817000 817000 0 0 1540000 1540000 817000 0
17 11 21 1982 1983 817000 817000 0 0 1540000 1540000 817000 0
18 11 28 1982 1983 817000 817000 0 0 1540000 1540000 817000 0
19 12 5 1982 1983 817000 817000 0 0 1540000 1540000 817000 0
20 12 12 1982 1983 817000 817000 0 0 1540000 1540000 817000 0
21 12 19 1982 1983 817000 817000 0 0 1540000 1540000 817000 0
22 12 26 1982 1983 817000 817000 0 0 1540000 1540000 817000 -6307
23 1 2 1983 1983 816730 810693 0 0 1540000 1540000 810693 -6307
24 1 9 1983 1983 816730 804386 0 0 1540000 1540000 804386 -25201
25 1 16 1983 1983 779185 798078 0 0 1540000 1540000 779185 -37544
26 1 23 1983 1983 741641 791771 0 0 1540000 1540000 741641 -37545
27 1 30 1983 1983 704096 785464 0 0 1540000 1540000 704096 -34096
28 2 6 1983 1983 670000 741828 0 0 1540000 1540000 670000 -43625
29 2 13 1983 1983 626375 698192 0 0 1540000 1540000 626375 -43625
30 2 20 1983 1983 582750 654555 0 0 1540000 1540000 582750 -43625
31 2 27 1983 1983 539125 610919 0 0 1540000 1540000 539125 -43625
32 3 6 1983 1983 495500 529101 0 0 1540000 1540000 495500 -82325
33 3 13 1983 1983 413175 447283 0 0 1540000 1540000 413175 -82325
34 3 20 1983 1983 330850 365464 0 0 1540000 1540000 330850 -82325
35 3 27 1983 1983 248525 283646 0 0 1540000 1540000 248525 -82325
36 4 3 1983 1983 166200 283646 0 0 1540000 1540000 166200 25141
37 4 10 1983 1983 191341 283646 0 0 1540000 1540000 191341 25141
38 4 17 1983 1983 216482 283646 0 0 1540000 1540000 216482 25142
39 4 24 1983 1983 241624 283646 0 0 1540000 1540000 241624 25141
40 5 1 1983 1983 266765 283646 0 0 1540000 1540000 266765 16881
41 5 8 1983 1983 291906 283646 0 0 1540000 1540000 283646 0
42 5 15 1983 1983 317047 283646 0 0 1540000 1540000 283646 0
43 5 22 1983 1983 342188 283646 0 0 1540000 1540000 283646 0
44 5 29 1983 1983 367329 283646 0 0 1540000 1540000 283646 106909
45 6 5 1983 1983 392471 390555 0 0 1540000 1540000 390555 27057
46 6 12 1983 1983 417612 497464 0 0 1540000 1540000 417612 25141
47 6 19 1983 1983 442753 604373 0 0 1540000 1540000 442753 25141
48 6 26 1983 1983 467894 711282 0 0 1540000 1540000 467894 25141
49 7 3 1983 1983 493035 711282 0 0 1540000 1540000 493035 25141
50 7 10 1983 1983 518176 711282 0 0 1540000 1540000 518176 25142
51 7 17 1983 1983 543318 711282 0 0 1540000 1540000 543318 25141
52 7 24 1983 1983 568459 711282 0 0 1540000 1540000 568459 817000
52 7 31 1983 1983 568459 711282 0 0 1540000 817000 817000 817000
1 8 7 1983 1984 593600 711282 0 0 1540000 1540000 593600 44680
2 8 14 1983 1984 638280 711282 0 0 1540000 1540000 638280 44680
3 8 21 1983 1984 682960 711282 0 0 1540000 1540000 682960 28322
4 8 28 1983 1984 727640 711282 0 0 1540000 1540000 711282 0
5 9 4 1983 1984 772320 711282 0 0 1540000 1540000 711282 26430
6 9 11 1983 1984 817000 737712 0 0 1540000 1540000 737712 26429
7 9 18 1983 1984 817000 764141 0 0 1540000 1540000 764141 26430
8 9 25 1983 1984 817000 790571 0 0 1540000 1540000 790571 26429
9 10 2 1983 1984 817000 817000 0 0 1540000 1540000 817000 0
10 10 9 1983 1984 817000 817000 0 0 1540000 1540000 817000 0
11 10 16 1983 1984 817000 817000 0 0 1540000 1540000 817000 0
12 10 23 1983 1984 817000 817000 0 0 1540000 1540000 817000 0
13 10 30 1983 1984 817000 817000 0 0 1540000 1540000 817000 0
14 11 6 1983 1984 817000 817000 0 0 1540000 1540000 817000 0
15 11 13 1983 1984 817000 817000 0 0 1540000 1540000 817000 0
16 11 20 1983 1984 817000 817000 0 0 1540000 1540000 817000 0
17 11 27 1983 1984 817000 817000 0 0 1540000 1540000 817000 0
18 12 4 1983 1984 817000 817000 0 0 1540000 1540000 817000 0
19 12 11 1983 1984 817000 817000 0 0 1540000 1540000 817000 0
20 12 18 1983 1984 817000 817000 0 0 1540000 1540000 817000 0
21 12 25 1983 1984 817000 817000 0 0 1540000 1540000 817000 0
22 1 1 1984 1984 817000 817000 0 0 1540000 1540000 817000 -6307
23 1 8 1984 1984 816730 810693 0 0 1540000 1540000 810693 -6307
24 1 15 1984 1984 816730 804386 0 0 1540000 1540000 804386 -25201
25 1 22 1984 1984 779185 798078 0 0 1540000 1540000 779185 -37544
26 1 29 1984 1984 741641 791771 0 0 1540000 1540000 741641 -37545
27 2 5 1984 1984 704096 785464 0 0 1540000 1540000 704096 -34096
28 2 12 1984 1984 670000 741828 0 0 1540000 1540000 670000 -43625
29 2 19 1984 1984 626375 698192 0 0 1540000 1540000 626375 -43625
30 2 26 1984 1984 582750 654555 0 0 1540000 1540000 582750 -43625
31 3 4 1984 1984 539125 610919 0 0 1540000 1540000 539125 -43625
32 3 11 1984 1984 495500 529101 0 0 1540000 1540000 495500 -82325
33 3 18 1984 1984 413175 447283 0 0 1540000 1540000 413175 -82325
34 3 25 1984 1984 330850 365464 0 0 1540000 1540000 330850 -82325
35 4 1 1984 1984 248525 283646 0 0 1540000 1540000 248525 -82325
36 4 8 1984 1984 166200 283646 0 0 1540000 1540000 166200 25141
37 4 15 1984 1984 191341 283646 0 0 1540000 1540000 191341 25141
38 4 22 1984 1984 216482 283646 0 0 1540000 1540000 216482 25142
39 4 29 1984 1984 241624 283646 0 0 1540000 1540000 241624 25141
40 5 6 1984 1984 266765 283646 0 0 1540000 1540000 266765 16881
41 5 13 1984 1984 291906 283646 0 0 1540000 1540000 283646 0
42 5 20 1984 1984 317047 283646 0 0 1540000 1540000 283646 0
43 5 27 1984 1984 342188 283646 0 0 1540000 1540000 283646 0
44 6 3 1984 1984 367329 283646 0 0 1540000 1540000 283646 106909
45 6 10 1984 1984 392471 390555 0 0 1540000 1540000 390555 27057
46 6 17 1984 1984 417612 497464 0 0 1540000 1540000 417612 25141
47 6 24 1984 1984 442753 604373 0 0 1540000 1540000 442753 25141
48 7 1 1984 1984 467894 711282 0 0 1540000 1540000 467894 25141
49 7 8 1984 1984 493035 711282 0 0 1540000 1540000 493035 25141
50 7 15 1984 1984 518176 711282 0 0 1540000 1540000 518176 25142
51 7 22 1984 1984 543318 711282 0 0 1540000 1540000 543318 25141
52 7 29 1984 1984 568459 711282 0 0 1540000 1540000 568459 25141
1 8 5 1984 1985 593600 711282 0 0 1540000 1540000 593600 44680
2 8 12 1984 1985 638280 711282 0 0 1540000 1540000 638280 44680
3 8 19 1984 1985 682960 711282 0 0 1540000 1540000 682960 28322
4 8 26 1984 1985 727640 711282 0 0 1540000 1540000 711282 0
5 9 2 1984 1985 772320 711282 0 0 1540000 1540000 711282 26430
6 9 9 1984 1985 817000 737712 0 0 1540000 1540000 737712 26429
7 9 16 1984 1985 817000 764141 0 0 1540000 1540000 764141 26430
8 9 23 1984 1985 817000 790571 0 0 1540000 1540000 790571 26429
9 9 30 1984 1985 817000 817000 0 0 1540000 1540000 817000 0
10 10 7 1984 1985 817000 817000 0 0 1540000 1540000 817000 0
11 10 14 1984 1985 817000 817000 0 0 1540000 1540000 817000 0
12 10 21 1984 1985 817000 817000 0 0 1540000 1540000 817000 0
13 10 28 1984 1985 817000 817000 0 0 1540000 1540000 817000 0
14 11 4 1984 1985 817000 817000 0 0 1540000 1540000 817000 0
15 11 11 1984 1985 817000 817000 0 0 1540000 1540000 817000 0
16 11 18 1984 1985 817000 817000 0 0 1540000 1540000 817000 0
17 11 25 1984 1985 817000 817000 0 0 1540000 1540000 817000 0
18 12 2 1984 1985 817000 817000 0 0 1540000 1540000 817000 0
19 12 9 1984 1985 817000 817000 0 0 1540000 1540000 817000 0
20 12 16 1984 1985 817000 817000 0 0 1540000 1540000 817000 0
21 12 23 1984 1985 817000 817000 0 0 1540000 1540000 817000 0
22 12 30 1984 1985 817000 817000 0 0 1540000 1540000 817000 -6307
23 1 6 1985 1985 816730 810693 0 0 1540000 1540000 810693 -6307
24 1 13 1985 1985 816730 804386 0 0 1540000 1540000 804386 -25201
25 1 20 1985 1985 779185 798078 0 0 1540000 1540000 779185 -37544
26 1 27 1985 1985 741641 791771 0 0 1540000 1540000 741641 -37545
27 2 3 1985 1985 704096 785464 0 0 1540000 1540000 704096 -34096
28 2 10 1985 1985 670000 741828 0 0 1540000 1540000 670000 -43625
29 2 17 1985 1985 626375 698192 0 0 1540000 1540000 626375 -43625
30 2 24 1985 1985 582750 654555 0 0 1540000 1540000 582750 -43625
31 3 3 1985 1985 539125 610919 0 0 1540000 1540000 539125 -43625
32 3 10 1985 1985 495500 529101 0 0 1540000 1540000 495500 -82325
33 3 17 1985 1985 413175 447283 0 0 1540000 1540000 413175 -82325
34 3 24 1985 1985 330850 365464 0 0 1540000 1540000 330850 -82325
35 3 31 1985 1985 248525 283646 0 0 1540000 1540000 248525 -82325
36 4 7 1985 1985 166200 283646 0 0 1540000 1540000 166200 25141
37 4 14 1985 1985 191341 283646 0 0 1540000 1540000 191341 25141
38 4 21 1985 1985 216482 283646 0 0 1540000 1540000 216482 25142
39 4 28 1985 1985 241624 283646 0 0 1540000 1540000 241624 25141
40 5 5 1985 1985 266765 283646 0 0 1540000 1540000 266765 16881
41 5 12 1985 1985 291906 283646 0 0 1540000 1540000 283646 0
42 5 19 1985 1985 317047 283646 0 0 1540000 1540000 283646 0
43 5 26 1985 1985 342188 283646 0 0 1540000 1540000 283646 0
44 6 2 1985 1985 367329 283646 0 0 1540000 1540000 283646 106909
45 6 9 1985 1985 392471 390555 0 0 1540000 1540000 390555 27057
46 6 16 1985 1985 417612 497464 0 0 1540000 1540000 417612 25141
47 6 23 1985 1985 442753 604373 0 0 1540000 1540000 442753 25141
48 6 30 1985 1985 467894 711282 0 0 1540000 1540000 467894 25141
49 7 7 1985 1985 493035 711282 0 0 1540000 1540000 493035 25141
50 7 14 1985 1985 518176 711282 0 0 1540000 1540000 518176 25142
51 7 21 1985 1985 543318 711282 0 0 1540000 1540000 543318 25141
52 7 28 1985 1985 568459 711282 0 0 1540000 1540000 568459 25141
1 8 4 1985 1986 593600 711282 0 0 1540000 1540000 593600 44680
2 8 11 1985 1986 638280 711282 0 0 1540000 1540000 638280 44680
3 8 18 1985 1986 682960 711282 0 0 1540000 1540000 682960 28322
4 8 25 1985 1986 727640 711282 0 0 1540000 1540000 711282 0
5 9 1 1985 1986 772320 711282 0 0 1540000 1540000 711282 26430
6 9 8 1985 1986 817000 737712 0 0 1540000 1540000 737712 26429
7 9 15 1985 1986 817000 764141 0 0 1540000 1540000 764141 26430
8 9 22 1985 1986 817000 790571 0 0 1540000 1540000 790571 26429
9 9 29 1985 1986 817000 817000 0 0 1540000 1540000 817000 0
10 10 6 1985 1986 817000 817000 0 0 1540000 1540000 817000 0
11 10 13 1985 1986 817000 817000 0 0 1540000 1540000 817000 0
12 10 20 1985 1986 817000 817000 0 0 1540000 1540000 817000 0
13 10 27 1985 1986 817000 817000 0 0 1540000 1540000 817000 0
14 11 3 1985 1986 817000 817000 0 0 1540000 1540000 817000 0
15 11 10 1985 1986 817000 817000 0 0 1540000 1540000 817000 0
16 11 17 1985 1986 817000 817000 0 0 1540000 1540000 817000 0
17 11 24 1985 1986 817000 817000 0 0 1540000 1540000 817000 0
18 12 1 1985 1986 817000 817000 0 0 1540000 1540000 817000 0
19 12 8 1985 1986 817000 817000 0 0 1540000 1540000 817000 0
20 12 15 1985 1986 817000 817000 0 0 1540000 1540000 817000 0
21 12 22 1985 1986 817000 817000 0 0 1540000 1540000 817000 0
22 12 29 1985 1986 817000 817000 0 0 1540000 1540000 817000 -6307
23 1 5 1986 1986 816730 810693 0 0 1540000 1540000 810693 -6307
24 1 12 1986 1986 816730 804386 0 0 1540000 1540000 804386 -25201
25 1 19 1986 1986 779185 798078 0 0 1540000 1540000 779185 -37544
26 1 26 1986 1986 741641 791771 0 0 1540000 1540000 741641 -37545
27 2 2 1986 1986 704096 785464 0 0 1540000 1540000 704096 -34096
28 2 9 1986 1986 670000 741828 0 0 1540000 1540000 670000 -43625
29 2 16 1986 1986 626375 698192 0 0 1540000 1540000 626375 -43625
30 2 23 1986 1986 582750 654555 0 0 1540000 1540000 582750 -43625
31 3 2 1986 1986 539125 610919 0 0 1540000 1540000 539125 -43625
32 3 9 1986 1986 495500 529101 0 0 1540000 1540000 495500 -82325
33 3 16 1986 1986 413175 447283 0 0 1540000 1540000 413175 -82325
34 3 23 1986 1986 330850 365464 0 0 1540000 1540000 330850 -82325
35 3 30 1986 1986 248525 283646 0 0 1540000 1540000 248525 -82325
36 4 6 1986 1986 166200 283646 0 0 1540000 1540000 166200 25141
37 4 13 1986 1986 191341 283646 0 0 1540000 1540000 191341 25141
38 4 20 1986 1986 216482 283646 0 0 1540000 1540000 216482 25142
39 4 27 1986 1986 241624 283646 0 0 1540000 1540000 241624 25141
40 5 4 1986 1986 266765 283646 0 0 1540000 1540000 266765 16881
41 5 11 1986 1986 291906 283646 0 0 1540000 1540000 283646 0
42 5 18 1986 1986 317047 283646 0 0 1540000 1540000 283646 0
43 5 25 1986 1986 342188 283646 0 0 1540000 1540000 283646 0
44 6 1 1986 1986 367329 283646 0 0 1540000 1540000 283646 106909
45 6 8 1986 1986 392471 390555 0 0 1540000 1540000 390555 27057
46 6 15 1986 1986 417612 497464 0 0 1540000 1540000 417612 25141
47 6 22 1986 1986 442753 604373 0 0 1540000 1540000 442753 25141
48 6 29 1986 1986 467894 711282 0 0 1540000 1540000 467894 25141
49 7 6 1986 1986 493035 711282 0 0 1540000 1540000 493035 25141
50 7 13 1986 1986 518176 711282 0 0 1540000 1540000 518176 25142
51 7 20 1986 1986 543318 711282 0 0 1540000 1540000 543318 25141
52 7 27 1986 1986 568459 711282 0 0 1540000 1540000 568459 25141
1 8 3 1986 1987 593600 711282 0 0 1540000 1540000 593600 44680
2 8 10 1986 1987 638280 711282 0 0 1540000 1540000 638280 44680
3 8 17 1986 1987 682960 711282 0 0 1540000 1540000 682960 28322
4 8 24 1986 1987 727640 711282 0 0 1540000 1540000 711282 0
5 8 31 1986 1987 772320 711282 0 0 1540000 1540000 711282 26430
6 9 7 1986 1987 817000 737712 0 0 1540000 1540000 737712 26429
7 9 14 1986 1987 817000 764141 0 0 1540000 1540000 764141 26430
8 9 21 1986 1987 817000 790571 0 0 1540000 1540000 790571 26429
9 9 28 1986 1987 817000 817000 0 0 1540000 1540000 817000 0
10 10 5 1986 1987 817000 817000 0 0 1540000 1540000 817000 0
11 10 12 1986 1987 817000 817000 0 0 1540000 1540000 817000 0
12 10 19 1986 1987 817000 817000 0 0 1540000 1540000 817000 0
13 10 26 1986 1987 817000 817000 0 0 1540000 1540000 817000 0
14 11 2 1986 1987 817000 817000 0 0 1540000 1540000 817000 0
15 11 9 1986 1987 817000 817000 0 0 1540000 1540000 817000 0
16 11 16 1986 1987 817000 817000 0 0 1540000 1540000 817000 0
17 11 23 1986 1987 817000 817000 0 0 1540000 1540000 817000 0
18 11 30 1986 1987 817000 817000 0 0 1540000 1540000 817000 0
19 12 7 1986 1987 817000 817000 0 0 1540000 1540000 817000 0
20 12 14 1986 1987 817000 817000 0 0 1540000 1540000 817000 0
21 12 21 1986 1987 817000 817000 0 0 1540000 1540000 817000 0
22 12 28 1986 1987 817000 817000 0 0 1540000 1540000 817000 -6307
23 1 4 1987 1987 816730 810693 0 0 1540000 1540000 810693 -6307
24 1 11 1987 1987 816730 804386 0 0 1540000 1540000 804386 -25201
25 1 18 1987 1987 779185 798078 0 0 1540000 1540000 779185 -37544
26 1 25 1987 1987 741641 791771 0 0 1540000 1540000 741641 -37545
27 2 1 1987 1987 704096 785464 0 0 1540000 1540000 704096 -34096
28 2 8 1987 1987 670000 741828 0 0 1540000 1540000 670000 -43625
29 2 15 1987 1987 626375 698192 0 0 1540000 1540000 626375 -43625
30 2 22 1987 1987 582750 654555 0 0 1540000 1540000 582750 -43625
31 3 1 1987 1987 539125 610919 0 0 1540000 1540000 539125 -43625
32 3 8 1987 1987 495500 529101 0 0 1540000 1540000 495500 -82325
33 3 15 1987 1987 413175 447283 0 0 1540000 1540000 413175 -82325
34 3 22 1987 1987 330850 365464 0 0 1540000 1540000 330850 -82325
35 3 29 1987 1987 248525 283646 0 0 1540000 1540000 248525 -82325
36 4 5 1987 1987 166200 283646 0 0 1540000 1540000 166200 25141
37 4 12 1987 1987 191341 283646 0 0 1540000 1540000 191341 25141
38 4 19 1987 1987 216482 283646 0 0 1540000 1540000 216482 25142
39 4 26 1987 1987 241624 283646 0 0 1540000 1540000 241624 25141
40 5 3 1987 1987 266765 283646 0 0 1540000 1540000 266765 16881
41 5 10 1987 1987 291906 283646 0 0 1540000 1540000 283646 0
42 5 17 1987 1987 317047 283646 0 0 1540000 1540000 283646 0
43 5 24 1987 1987 342188 283646 0 0 1540000 1540000 283646 0
44 5 31 1987 1987 367329 283646 0 0 1540000 1540000 283646 106909
45 6 7 1987 1987 392471 390555 0 0 1540000 1540000 390555 27057
46 6 14 1987 1987 417612 497464 0 0 1540000 1540000 417612 25141
47 6 21 1987 1987 442753 604373 0 0 1540000 1540000 442753 25141
48 6 28 1987 1987 467894 711282 0 0 1540000 1540000 467894 25141
49 7 5 1987 1987 493035 711282 0 0 1540000 1540000 493035 25141
50 7 12 1987 1987 518176 711282 0 0 1540000 1540000 518176 25142
51 7 19 1987 1987 543318 711282 0 0 1540000 1540000 543318 25141
52 7 26 1987 1987 568459 711282 0 0 1540000 1540000 568459 25141
1 8 2 1987 1988 593600 711282 0 0 1540000 1540000 593600 44680
2 8 9 1987 1988 638280 711282 0 0 1540000 1540000 638280 44680
3 8 16 1987 1988 682960 711282 0 0 1540000 1540000 682960 28322
4 8 23 1987 1988 727640 711282 0 0 1540000 1540000 711282 0
5 8 30 1987 1988 772320 711282 0 0 1540000 1540000 711282 26430
6 9 6 1987 1988 817000 737712 0 0 1540000 1540000 737712 26429
7 9 13 1987 1988 817000 764141 0 0 1540000 1540000 764141 26430
8 9 20 1987 1988 817000 790571 0 0 1540000 1540000 790571 26429
9 9 27 1987 1988 817000 817000 0 0 1540000 1540000 817000 0
10 10 4 1987 1988 817000 817000 0 0 1540000 1540000 817000 0
11 10 11 1987 1988 817000 817000 0 0 1540000 1540000 817000 0
12 10 18 1987 1988 817000 817000 0 0 1540000 1540000 817000 0
13 10 25 1987 1988 817000 817000 0 0 1540000 1540000 817000 0
14 11 1 1987 1988 817000 817000 0 0 1540000 1540000 817000 0
15 11 8 1987 1988 817000 817000 0 0 1540000 1540000 817000 0
16 11 15 1987 1988 817000 817000 0 0 1540000 1540000 817000 0
17 11 22 1987 1988 817000 817000 0 0 1540000 1540000 817000 0
18 11 29 1987 1988 817000 817000 0 0 1540000 1540000 817000 0
19 12 6 1987 1988 817000 817000 0 0 1540000 1540000 817000 0
20 12 13 1987 1988 817000 817000 0 0 1540000 1540000 817000 0
21 12 20 1987 1988 817000 817000 0 0 1540000 1540000 817000 0
22 12 27 1987 1988 817000 817000 0 0 1540000 1540000 817000 -6307
23 1 3 1988 1988 816730 810693 0 0 1540000 1540000 810693 -6307
24 1 10 1988 1988 816730 804386 0 0 1540000 1540000 804386 -25201
25 1 17 1988 1988 779185 798078 0 0 1540000 1540000 779185 -37544
26 1 24 1988 1988 741641 791771 0 0 1540000 1540000 741641 -37545
27 1 31 1988 1988 704096 785464 0 0 1540000 1540000 704096 -34096
28 2 7 1988 1988 670000 741828 0 0 1540000 1540000 670000 -43625
29 2 14 1988 1988 626375 698192 0 0 1540000 1540000 626375 -43625
30 2 21 1988 1988 582750 654555 0 0 1540000 1540000 582750 -43625
31 2 28 1988 1988 539125 610919 0 0 1540000 1540000 539125 -43625
32 3 6 1988 1988 495500 529101 0 0 1540000 1540000 495500 -82325
33 3 13 1988 1988 413175 447283 0 0 1540000 1540000 413175 -82325
34 3 20 1988 1988 330850 365464 0 0 1540000 1540000 330850 -82325
35 3 27 1988 1988 248525 283646 0 0 1540000 1540000 248525 -82325
36 4 3 1988 1988 166200 283646 0 0 1540000 1540000 166200 25141
37 4 10 1988 1988 191341 283646 0 0 1540000 1540000 191341 25141
38 4 17 1988 1988 216482 283646 0 0 1540000 1540000 216482 25142
39 4 24 1988 1988 241624 283646 0 0 1540000 1540000 241624 25141
40 5 1 1988 1988 266765 283646 0 0 1540000 1540000 266765 16881
41 5 8 1988 1988 291906 283646 0 0 1540000 1540000 283646 0
42 5 15 1988 1988 317047 283646 0 0 1540000 1540000 283646 0
43 5 22 1988 1988 342188 283646 0 0 1540000 1540000 283646 0
44 5 29 1988 1988 367329 283646 0 0 1540000 1540000 283646 106909
45 6 5 1988 1988 392471 390555 0 0 1540000 1540000 390555 27057
46 6 12 1988 1988 417612 497464 0 0 1540000 1540000 417612 25141
47 6 19 1988 1988 442753 604373 0 0 1540000 1540000 442753 25141
48 6 26 1988 1988 467894 711282 0 0 1540000 1540000 467894 25141
49 7 3 1988 1988 493035 711282 0 0 1540000 1540000 493035 25141
50 7 10 1988 1988 518176 711282 0 0 1540000 1540000 518176 25142
51 7 17 1988 1988 543318 711282 0 0 1540000 1540000 543318 25141
52 7 24 1988 1988 568459 711282 0 0 1540000 1540000 568459 817000
52 7 31 1988 1988 568459 711282 0 0 1540000 817000 817000 817000
1 8 7 1988 1989 593600 711282 0 0 1540000 1540000 593600 44680
2 8 14 1988 1989 638280 711282 0 0 1540000 1540000 638280 44680
3 8 21 1988 1989 682960 711282 0 0 1540000 1540000 682960 28322
4 8 28 1988 1989 727640 711282 0 0 1540000 1540000 711282 0
5 9 4 1988 1989 772320 711282 0 0 1540000 1540000 711282 26430
6 9 11 1988 1989 817000 737712 0 0 1540000 1540000 737712 26429
7 9 18 1988 1989 817000 764141 0 0 1540000 1540000 764141 26430
8 9 25 1988 1989 817000 790571 0 0 1540000 1540000 790571 26429
9 10 2 1988 1989 817000 817000 0 0 1540000 1540000 817000 0
10 10 9 1988 1989 817000 817000 0 0 1540000 1540000 817000 0
11 10 16 1988 1989 817000 817000 0 0 1540000 1540000 817000 0
12 10 23 1988 1989 817000 817000 0 0 1540000 1540000 817000 0
13 10 30 1988 1989 817000 817000 0 0 1540000 1540000 817000 0
14 11 6 1988 1989 817000 817000 0 0 1540000 1540000 817000 0
15 11 13 1988 1989 817000 817000 0 0 1540000 1540000 817000 0
16 11 20 1988 1989 817000 817000 0 0 1540000 1540000 817000 0
17 11 27 1988 1989 817000 817000 0 0 1540000 1540000 817000 0
18 12 4 1988 1989 817000 817000 0 0 1540000 1540000 817000 0
19 12 11 1988 1989 817000 817000 0 0 1540000 1540000 817000 0
20 12 18 1988 1989 817000 817000 0 0 1540000 1540000 817000 0
21 12 25 1988 1989 817000 817000 0 0 1540000 1540000 817000 0
22 1 1 1989 1989 817000 817000 0 0 1540000 1540000 817000 -6307
23 1 8 1989 1989 816730 810693 0 0 1540000 1540000 810693 -6307
24 1 15 1989 1989 816730 804386 0 0 1540000 1540000 804386 -25201
25 1 22 1989 1989 779185 798078 0 0 1540000 1540000 779185 -37544
26 1 29 1989 1989 741641 791771 0 0 1540000 1540000 741641 -37545
27 2 5 1989 1989 704096 785464 0 0 1540000 1540000 704096 -34096
28 2 12 1989 1989 670000 741828 0 0 1540000 1540000 670000 -43625
29 2 19 1989 1989 626375 698192 0 0 1540000 1540000 626375 -43625
30 2 26 1989 1989 582750 654555 0 0 1540000 1540000 582750 -43625
31 3 5 1989 1989 539125 610919 0 0 1540000 1540000 539125 -43625
32 3 12 1989 1989 495500 529101 0 0 1540000 1540000 495500 -82325
33 3 19 1989 1989 413175 447283 0 0 1540000 1540000 413175 -82325
34 3 26 1989 1989 330850 365464 0 0 1540000 1540000 330850 -82325
35 4 2 1989 1989 248525 283646 0 0 1540000 1540000 248525 -82325
36 4 9 1989 1989 166200 283646 0 0 1540000 1540000 166200 25141
37 4 16 1989 1989 191341 283646 0 0 1540000 1540000 191341 25141
38 4 23 1989 1989 216482 283646 0 0 1540000 1540000 216482 25142
39 4 30 1989 1989 241624 283646 0 0 1540000 1540000 241624 25141
40 5 7 1989 1989 266765 283646 0 0 1540000 1540000 266765 16881
41 5 14 1989 1989 291906 283646 0 0 1540000 1540000 283646 0
42 5 21 1989 1989 317047 283646 0 0 1540000 1540000 283646 0
43 5 28 1989 1989 342188 283646 0 0 1540000 1540000 283646 0
44 6 4 1989 1989 367329 283646 0 0 1540000 1540000 283646 106909
45 6 11 1989 1989 392471 390555 0 0 1540000 1540000 390555 27057
46 6 18 1989 1989 417612 497464 0 0 1540000 1540000 417612 25141
47 6 25 1989 1989 442753 604373 0 0 1540000 1540000 442753 25141
48 7 2 1989 1989 467894 711282 0 0 1540000 1540000 467894 25141
49 7 9 1989 1989 493035 711282 0 0 1540000 1540000 493035 25141
50 7 16 1989 1989 518176 711282 0 0 1540000 1540000 518176 25142
51 7 23 1989 1989 543318 711282 0 0 1540000 1540000 543318 25141
52 7 30 1989 1989 568459 711282 0 0 1540000 1540000 568459 25141
1 8 6 1989 1990 593600 711282 0 0 1540000 1540000 593600 44680
2 8 13 1989 1990 638280 711282 0 0 1540000 1540000 638280 44680
3 8 20 1989 1990 682960 711282 0 0 1540000 1540000 682960 28322
4 8 27 1989 1990 727640 711282 0 0 1540000 1540000 711282 0
5 9 3 1989 1990 772320 711282 0 0 1540000 1540000 711282 26430
6 9 10 1989 1990 817000 737712 0 0 1540000 1540000 737712 26429
7 9 17 1989 1990 817000 764141 0 0 1540000 1540000 764141 26430
8 9 24 1989 1990 817000 790571 0 0 1540000 1540000 790571 26429
9 10 1 1989 1990 817000 817000 0 0 1540000 1540000 817000 0
10 10 8 1989 1990 817000 817000 0 0 1540000 1540000 817000 0
11 10 15 1989 1990 817000 817000 0 0 1540000 1540000 817000 0
12 10 22 1989 1990 817000 817000 0 0 1540000 1540000 817000 0
13 10 29 1989 1990 817000 817000 0 0 1540000 1540000 817000 0
14 11 5 1989 1990 817000 817000 0 0 1540000 1540000 817000 0
15 11 12 1989 1990 817000 817000 0 0 1540000 1540000 817000 0
16 11 19 1989 1990 817000 817000 0 0 1540000 1540000 817000 0
17 11 26 1989 1990 817000 817000 0 0 1540000 1540000 817000 0
18 12 3 1989 1990 817000 817000 0 0 1540000 1540000 817000 0
19 12 10 1989 1990 817000 817000 0 0 1540000 1540000 817000 0
20 12 17 1989 1990 817000 817000 0 0 1540000 1540000 817000 0
21 12 24 1989 1990 817000 817000 0 0 1540000 1540000 817000 0
22 12 31 1989 1990 817000 817000 0 0 1540000 1540000 817000 -6307
23 1 7 1990 1990 816730 810693 0 0 1540000 1540000 810693 -6307
24 1 14 1990 1990 816730 804386 0 0 1540000 1540000 804386 -25201
25 1 21 1990 1990 779185 798078 0 0 1540000 1540000 779185 -37544
26 1 28 1990 1990 741641 791771 0 0 1540000 1540000 741641 -37545
27 2 4 1990 1990 704096 785464 0 0 1540000 1540000 704096 -34096
28 2 11 1990 1990 670000 741828 0 0 1540000 1540000 670000 -43625
29 2 18 1990 1990 626375 698192 0 0 1540000 1540000 626375 -43625
30 2 25 1990 1990 582750 654555 0 0 1540000 1540000 582750 -43625
31 3 4 1990 1990 539125 610919 0 0 1540000 1540000 539125 -43625
32 3 11 1990 1990 495500 529101 0 0 1540000 1540000 495500 -82325
33 3 18 1990 1990 413175 447283 0 0 1540000 1540000 413175 -82325
34 3 25 1990 1990 330850 365464 0 0 1540000 1540000 330850 -82325
35 4 1 1990 1990 248525 283646 0 0 1540000 1540000 248525 -82325
36 4 8 1990 1990 166200 283646 0 0 1540000 1540000 166200 25141
37 4 15 1990 1990 191341 283646 0 0 1540000 1540000 191341 25141
38 4 22 1990 1990 216482 283646 0 0 1540000 1540000 216482 25142
39 4 29 1990 1990 241624 283646 0 0 1540000 1540000 241624 25141
40 5 6 1990 1990 266765 283646 0 0 1540000 1540000 266765 16881
41 5 13 1990 1990 291906 283646 0 0 1540000 1540000 283646 0
42 5 20 1990 1990 317047 283646 0 0 1540000 1540000 283646 0
43 5 27 1990 1990 342188 283646 0 0 1540000 1540000 283646 0
44 6 3 1990 1990 367329 283646 0 0 1540000 1540000 283646 106909
45 6 10 1990 1990 392471 390555 0 0 1540000 1540000 390555 27057
46 6 17 1990 1990 417612 497464 0 0 1540000 1540000 417612 25141
47 6 24 1990 1990 442753 604373 0 0 1540000 1540000 442753 25141
48 7 1 1990 1990 467894 711282 0 0 1540000 1540000 467894 25141
49 7 8 1990 1990 493035 711282 0 0 1540000 1540000 493035 25141
50 7 15 1990 1990 518176 711282 0 0 1540000 1540000 518176 25142
51 7 22 1990 1990 543318 711282 0 0 1540000 1540000 543318 25141
52 7 29 1990 1990 568459 711282 0 0 1540000 1540000 568459 25141
1 8 5 1990 1991 593600 711282 0 0 1540000 1540000 593600 44680
2 8 12 1990 1991 638280 711282 0 0 1540000 1540000 638280 44680
3 8 19 1990 1991 682960 711282 0 0 1540000 1540000 682960 28322
4 8 26 1990 1991 727640 711282 0 0 1540000 1540000 711282 0
5 9 2 1990 1991 772320 711282 0 0 1540000 1540000 711282 26430
6 9 9 1990 1991 817000 737712 0 0 1540000 1540000 737712 26429
7 9 16 1990 1991 817000 764141 0 0 1540000 1540000 764141 26430
8 9 23 1990 1991 817000 790571 0 0 1540000 1540000 790571 26429
9 9 30 1990 1991 817000 817000 0 0 1540000 1540000 817000 0
10 10 7 1990 1991 817000 817000 0 0 1540000 1540000 817000 0
11 10 14 1990 1991 817000 817000 0 0 1540000 1540000 817000 0
12 10 21 1990 1991 817000 817000 0 0 1540000 1540000 817000 0
13 10 28 1990 1991 817000 817000 0 0 1540000 1540000 817000 0
14 11 4 1990 1991 817000 817000 0 0 1540000 1540000 817000 0
15 11 11 1990 1991 817000 817000 0 0 1540000 1540000 817000 0
16 11 18 1990 1991 817000 817000 0 0 1540000 1540000 817000 0
17 11 25 1990 1991 817000 817000 0 0 1540000 1540000 817000 0
18 12 2 1990 1991 817000 817000 0 0 1540000 1540000 817000 0
19 12 9 1990 1991 817000 817000 0 0 1540000 1540000 817000 0
20 12 16 1990 1991 817000 817000 0 0 1540000 1540000 817000 0
21 12 23 1990 1991 817000 817000 0 0 1540000 1540000 817000 0
22 12 30 1990 1991 817000 817000 0 0 1540000 1540000 817000 -6307
23 1 6 1991 1991 816730 810693 0 0 1540000 1540000 810693 -6307
24 1 13 1991 1991 816730 804386 0 0 1540000 1540000 804386 -25201
25 1 20 1991 1991 779185 798078 0 0 1540000 1540000 779185 -37544
26 1 27 1991 1991 741641 791771 0 0 1540000 1540000 741641 -37545
27 2 3 1991 1991 704096 785464 0 0 1540000 1540000 704096 -34096
28 2 10 1991 1991 670000 741828 0 0 1540000 1540000 670000 -43625
29 2 17 1991 1991 626375 698192 0 0 1540000 1540000 626375 -43625
30 2 24 1991 1991 582750 654555 0 0 1540000 1540000 582750 -43625
31 3 3 1991 1991 539125 610919 0 0 1540000 1540000 539125 -43625
32 3 10 1991 1991 495500 529101 0 0 1540000 1540000 495500 -82325
33 3 17 1991 1991 413175 447283 0 0 1540000 1540000 413175 -82325
34 3 24 1991 1991 330850 365464 0 0 1540000 1540000 330850 -82325
35 3 31 1991 1991 248525 283646 0 0 1540000 1540000 248525 -82325
36 4 7 1991 1991 166200 283646 0 0 1540000 1540000 166200 25141
37 4 14 1991 1991 191341 283646 0 0 1540000 1540000 191341 25141
38 4 21 1991 1991 216482 283646 0 0 1540000 1540000 216482 25142
39 4 28 1991 1991 241624 283646 0 0 1540000 1540000 241624 25141
40 5 5 1991 1991 266765 283646 0 0 1540000 1540000 266765 16881
41 5 12 1991 1991 291906 283646 0 0 1540000 1540000 283646 0
42 5 19 1991 1991 317047 283646 0 0 1540000 1540000 283646 0
43 5 26 1991 1991 342188 283646 0 0 1540000 1540000 283646 0
44 6 2 1991 1991 367329 283646 0 0 1540000 1540000 283646 106909
45 6 9 1991 1991 392471 390555 0 0 1540000 1540000 390555 27057
46 6 16 1991 1991 417612 497464 0 0 1540000 1540000 417612 25141
47 6 23 1991 1991 442753 604373 0 0 1540000 1540000 442753 25141
48 6 30 1991 1991 467894 711282 0 0 1540000 1540000 467894 25141
49 7 7 1991 1991 493035 711282 0 0 1540000 1540000 493035 25141
50 7 14 1991 1991 518176 711282 0 0 1540000 1540000 518176 25142
51 7 21 1991 1991 543318 711282 0 0 1540000 1540000 543318 25141
52 7 28 1991 1991 568459 711282 0 0 1540000 1540000 568459 25141
1 8 4 1991 1992 593600 711282 0 0 1540000 1540000 593600 44680
2 8 11 1991 1992 638280 711282 0 0 1540000 1540000 638280 44680
3 8 18 1991 1992 682960 711282 0 0 1540000 1540000 682960 28322
4 8 25 1991 1992 727640 711282 0 0 1540000 1540000 711282 0
5 9 1 1991 1992 772320 711282 0 0 1540000 1540000 711282 26430
6 9 8 1991 1992 817000 737712 0 0 1540000 1540000 737712 26429
7 9 15 1991 1992 817000 764141 0 0 1540000 1540000 764141 26430
8 9 22 1991 1992 817000 790571 0 0 1540000 1540000 790571 26429
9 9 29 1991 1992 817000 817000 0 0 1540000 1540000 817000 0
10 10 6 1991 1992 817000 817000 0 0 1540000 1540000 817000 0
11 10 13 1991 1992 817000 817000 0 0 1540000 1540000 817000 0
12 10 20 1991 1992 817000 817000 0 0 1540000 1540000 817000 0
13 10 27 1991 1992 817000 817000 0 0 1540000 1540000 817000 0
14 11 3 1991 1992 817000 817000 0 0 1540000 1540000 817000 0
15 11 10 1991 1992 817000 817000 0 0 1540000 1540000 817000 0
16 11 17 1991 1992 817000 817000 0 0 1540000 1540000 817000 0
17 11 24 1991 1992 817000 817000 0 0 1540000 1540000 817000 0
18 12 1 1991 1992 817000 817000 0 0 1540000 1540000 817000 0
19 12 8 1991 1992 817000 817000 0 0 1540000 1540000 817000 0
20 12 15 1991 1992 817000 817000 0 0 1540000 1540000 817000 0
21 12 22 1991 1992 817000 817000 0 0 1540000 1540000 817000 0
22 12 29 1991 1992 817000 817000 0 0 1540000 1540000 817000 -6307
23 1 5 1992 1992 816730 810693 0 0 1540000 1540000 810693 -6307
24 1 12 1992 1992 816730 804386 0 0 1540000 1540000 804386 -25201
25 1 19 1992 1992 779185 798078 0 0 1540000 1540000 779185 -37544
26 1 26 1992 1992 741641 791771 0 0 1540000 1540000 741641 -37545
27 2 2 1992 1992 704096 785464 0 0 1540000 1540000 704096 -34096
28 2 9 1992 1992 670000 741828 0 0 1540000 1540000 670000 -43625
29 2 16 1992 1992 626375 698192 0 0 1540000 1540000 626375 -43625
30 2 23 1992 1992 582750 654555 0 0 1540000 1540000 582750 -43625
31 3 1 1992 1992 539125 610919 0 0 1540000 1540000 539125 -43625
32 3 8 1992 1992 495500 529101 0 0 1540000 1540000 495500 -82325
33 3 15 1992 1992 413175 447283 0 0 1540000 1540000 413175 -82325
34 3 22 1992 1992 330850 365464 0 0 1540000 1540000 330850 -82325
35 3 29 1992 1992 248525 283646 0 0 1540000 1540000 248525 -82325
36 4 5 1992 1992 166200 283646 0 0 1540000 1540000 166200 25141
37 4 12 1992 1992 191341 283646 0 0 1540000 1540000 191341 25141
38 4 19 1992 1992 216482 283646 0 0 1540000 1540000 216482 25142
39 4 26 1992 1992 241624 283646 0 0 1540000 1540000 241624 25141
40 5 3 1992 1992 266765 283646 0 0 1540000 1540000 266765 16881
41 5 10 1992 1992 291906 283646 0 0 1540000 1540000 283646 0
42 5 17 1992 1992 317047 283646 0 0 1540000 1540000 283646 0
43 5 24 1992 1992 342188 283646 0 0 1540000 1540000 283646 0
44 5 31 1992 1992 367329 283646 0 0 1540000 1540000 283646 106909
45 6 7 1992 1992 392471 390555 0 0 1540000 1540000 390555 27057
46 6 14 1992 1992 417612 497464 0 0 1540000 1540000 417612 25141
47 6 21 1992 1992 442753 604373 0 0 1540000 1540000 442753 25141
48 6 28 1992 1992 467894 711282 0 0 1540000 1540000 467894 25141
49 7 5 1992 1992 493035 711282 0 0 1540000 1540000 493035 25141
50 7 12 1992 1992 518176 711282 0 0 1540000 1540000 518176 25142
51 7 19 1992 1992 543318 711282 0 0 1540000 1540000 543318 25141
52 7 26 1992 1992 568459 711282 0 0 1540000 1540000 568459 25141
1 8 2 1992 1993 593600 711282 0 0 1540000 1540000 593600 44680
2 8 9 1992 1993 638280 711282 0 0 1540000 1540000 638280 44680
3 8 16 1992 1993 682960 711282 0 0 1540000 1540000 682960 28322
4 8 23 1992 1993 727640 711282 0 0 1540000 1540000 711282 0
5 8 30 1992 1993 772320 711282 0 0 1540000 1540000 711282 26430
6 9 6 1992 1993 817000 737712 0 0 1540000 1540000 737712 26429
7 9 13 1992 1993 817000 764141 0 0 1540000 1540000 764141 26430
8 9 20 1992 1993 817000 790571 0 0 1540000 1540000 790571 26429
9 9 27 1992 1993 817000 817000 0 0 1540000 1540000 817000 0
10 10 4 1992 1993 817000 817000 0 0 1540000 1540000 817000 0
11 10 11 1992 1993 817000 817000 0 0 1540000 1540000 817000 0
12 10 18 1992 1993 817000 817000 0 0 1540000 1540000 817000 0
13 10 25 1992 1993 817000 817000 0 0 1540000 1540000 817000 0
14 11 1 1992 1993 817000 817000 0 0 1540000 1540000 817000 0
15 11 8 1992 1993 817000 817000 0 0 1540000 1540000 817000 0
16 11 15 1992 1993 817000 817000 0 0 1540000 1540000 817000 0
17 11 22 1992 1993 817000 817000 0 0 1540000 1540000 817000 0
18 11 29 1992 1993 817000 817000 0 0 1540000 1540000 817000 0
19 12 6 1992 1993 817000 817000 0 0 1540000 1540000 817000 0
20 12 13 1992 1993 817000 817000 0 0 1540000 1540000 817000 0
21 12 20 1992 1993 817000 817000 0 0 1540000 1540000 817000 0
22 12 27 1992 1993 817000 817000 0 0 1540000 1540000 817000 -6307
23 1 3 1993 1993 816730 810693 0 0 1540000 1540000 810693 -6307
24 1 10 1993 1993 816730 804386 0 0 1540000 1540000 804386 -25201
25 1 17 1993 1993 779185 798078 0 0 1540000 1540000 779185 -37544
26 1 24 1993 1993 741641 791771 0 0 1540000 1540000 741641 -37545
27 1 31 1993 1993 704096 785464 0 0 1540000 1540000 704096 -34096
28 2 7 1993 1993 670000 741828 0 0 1540000 1540000 670000 -43625
29 2 14 1993 1993 626375 698192 0 0 1540000 1540000 626375 -43625
30 2 21 1993 1993 582750 654555 0 0 1540000 1540000 582750 -43625
31 2 28 1993 1993 539125 610919 0 0 1540000 1540000 539125 -43625
32 3 7 1993 1993 495500 529101 0 0 1540000 1540000 495500 -82325
33 3 14 1993 1993 413175 447283 0 0 1540000 1540000 413175 -82325
34 3 21 1993 1993 330850 365464 0 0 1540000 1540000 330850 -82325
35 3 28 1993 1993 248525 283646 0 0 1540000 1540000 248525 -82325
36 4 4 1993 1993 166200 283646 0 0 1540000 1540000 166200 25141
37 4 11 1993 1993 191341 283646 0 0 1540000 1540000 191341 25141
38 4 18 1993 1993 216482 283646 0 0 1540000 1540000 216482 25142
39 4 25 1993 1993 241624 283646 0 0 1540000 1540000 241624 25141
40 5 2 1993 1993 266765 283646 0 0 1540000 1540000 266765 16881
41 5 9 1993 1993 291906 283646 0 0 1540000 1540000 283646 0
42 5 16 1993 1993 317047 283646 0 0 1540000 1540000 283646 0
43 5 23 1993 1993 342188 283646 0 0 1540000 1540000 283646 0
44 5 30 1993 1993 367329 283646 0 0 1540000 1540000 283646 106909
45 6 6 1993 1993 392471 390555 0 0 1540000 1540000 390555 27057
46 6 13 1993 1993 417612 497464 0 0 1540000 1540000 417612 25141
47 6 20 1993 1993 442753 604373 0 0 1540000 1540000 442753 25141
48 6 27 1993 1993 467894 711282 0 0 1540000 1540000 467894 25141
49 7 4 1993 1993 493035 711282 0 0 1540000 1540000 493035 25141
50 7 11 1993 1993 518176 711282 0 0 1540000 1540000 518176 25142
51 7 18 1993 1993 543318 711282 0 0 1540000 1540000 543318 25141
52 7 25 1993 1993 568459 711282 0 0 1540000 1540000 568459 25141
1 8 1 1993 1994 593600 711282 0 0 1540000 1540000 593600 44680
2 8 8 1993 1994 638280 711282 0 0 1540000 1540000 638280 44680
3 8 15 1993 1994 682960 711282 0 0 1540000 1540000 682960 28322
4 8 22 1993 1994 727640 711282 0 0 1540000 1540000 711282 0
5 8 29 1993 1994 772320 711282 0 0 1540000 1540000 711282 26430
6 9 5 1993 1994 817000 737712 0 0 1540000 1540000 737712 26429
7 9 12 1993 1994 817000 764141 0 0 1540000 1540000 764141 26430
8 9 19 1993 1994 817000 790571 0 0 1540000 1540000 790571 26429
9 9 26 1993 1994 817000 817000 0 0 1540000 1540000 817000 0
10 10 3 1993 1994 817000 817000 0 0 1540000 1540000 817000 0
11 10 10 1993 1994 817000 817000 0 0 1540000 1540000 817000 0
12 10 17 1993 1994 817000 817000 0 0 1540000 1540000 817000 0
13 10 24 1993 1994 817000 817000 0 0 1540000 1540000 817000 0
14 10 31 1993 1994 817000 817000 0 0 1540000 1540000 817000 0
15 11 7 1993 1994 817000 817000 0 0 1540000 1540000 817000 0
16 11 14 1993 1994 817000 817000 0 0 1540000 1540000 817000 0
17 11 21 1993 1994 817000 817000 0 0 1540000 1540000 817000 0
18 11 28 1993 1994 817000 817000 0 0 1540000 1540000 817000 0
19 12 5 1993 1994 817000 817000 0 0 1540000 1540000 817000 0
20 12 12 1993 1994 817000 817000 0 0 1540000 1540000 817000 0
21 12 19 1993 1994 817000 817000 0 0 1540000 1540000 817000 0
22 12 26 1993 1994 817000 817000 0 0 1540000 1540000 817000 -6307
23 1 2 1994 1994 816730 810693 0 0 1540000 1540000 810693 -6307
24 1 9 1994 1994 816730 804386 0 0 1540000 1540000 804386 -25201
25 1 16 1994 1994 779185 798078 0 0 1540000 1540000 779185 -37544
26 1 23 1994 1994 741641 791771 0 0 1540000 1540000 741641 -37545
27 1 30 1994 1994 704096 785464 0 0 1540000 1540000 704096 -34096
28 2 6 1994 1994 670000 741828 0 0 1540000 1540000 670000 -43625
29 2 13 1994 1994 626375 698192 0 0 1540000 1540000 626375 -43625
30 2 20 1994 1994 582750 654555 0 0 1540000 1540000 582750 -43625
31 2 27 1994 1994 539125 610919 0 0 1540000 1540000 539125 -43625
32 3 6 1994 1994 495500 529101 0 0 1540000 1540000 495500 -82325
33 3 13 1994 1994 413175 447283 0 0 1540000 1540000 413175 -82325
34 3 20 1994 1994 330850 365464 0 0 1540000 1540000 330850 -82325
35 3 27 1994 1994 248525 283646 0 0 1540000 1540000 248525 -82325
36 4 3 1994 1994 166200 283646 0 0 1540000 1540000 166200 25141
37 4 10 1994 1994 191341 283646 0 0 1540000 1540000 191341 25141
38 4 17 1994 1994 216482 283646 0 0 1540000 1540000 216482 25142
39 4 24 1994 1994 241624 283646 0 0 1540000 1540000 241624 25141
40 5 1 1994 1994 266765 283646 0 0 1540000 1540000 266765 16881
41 5 8 1994 1994 291906 283646 0 0 1540000 1540000 283646 0
42 5 15 1994 1994 317047 283646 0 0 1540000 1540000 283646 0
43 5 22 1994 1994 342188 283646 0 0 1540000 1540000 283646 0
44 5 29 1994 1994 367329 283646 0 0 1540000 1540000 283646 106909
45 6 5 1994 1994 392471 390555 0 0 1540000 1540000 390555 27057
46 6 12 1994 1994 417612 497464 0 0 1540000 1540000 417612 25141
47 6 19 1994 1994 442753 604373 0 0 1540000 1540000 442753 25141
48 6 26 1994 1994 467894 711282 0 0 1540000 1540000 467894 25141
49 7 3 1994 1994 493035 711282 0 0 1540000 1540000 493035 25141
50 7 10 1994 1994 518176 711282 0 0 1540000 1540000 518176 25142
51 7 17 1994 1994 543318 711282 0 0 1540000 1540000 543318 25141
52 7 24 1994 1994 568459 711282 0 0 1540000 1540000 568459 817000
52 7 31 1994 1994 568459 711282 0 0 1540000 817000 817000 817000
1 8 7 1994 1995 593600 711282 0 0 1540000 1540000 593600 44680
2 8 14 1994 1995 638280 711282 0 0 1540000 1540000 638280 44680
3 8 21 1994 1995 682960 711282 0 0 1540000 1540000 682960 28322
4 8 28 1994 1995 727640 711282 0 0 1540000 1540000 711282 0
5 9 4 1994 1995 772320 711282 0 0 1540000 1540000 711282 26430
6 9 11 1994 1995 817000 737712 0 0 1540000 1540000 737712 26429
7 9 18 1994 1995 817000 764141 0 0 1540000 1540000 764141 26430
8 9 25 1994 1995 817000 790571 0 0 1540000 1540000 790571 26429
9 10 2 1994 1995 817000 817000 0 0 1540000 1540000 817000 0
10 10 9 1994 1995 817000 817000 0 0 1540000 1540000 817000 0
11 10 16 1994 1995 817000 817000 0 0 1540000 1540000 817000 0
12 10 23 1994 1995 817000 817000 0 0 1540000 1540000 817000 0
13 10 30 1994 1995 817000 817000 0 0 1540000 1540000 817000 0
14 11 6 1994 1995 817000 817000 0 0 1540000 1540000 817000 0
15 11 13 1994 1995 817000 817000 0 0 1540000 1540000 817000 0
16 11 20 1994 1995 817000 817000 0 0 1540000 1540000 817000 0
17 11 27 1994 1995 817000 817000 0 0 1540000 1540000 817000 0
18 12 4 1994 1995 817000 817000 0 0 1540000 1540000 817000 0
19 12 11 1994 1995 817000 817000 0 0 1540000 1540000 817000 0
20 12 18 1994 1995 817000 817000 0 0 1540000 1540000 817000 0
21 12 25 1994 1995 817000 817000 0 0 1540000 1540000 817000 0
22 1 1 1995 1995 817000 817000 0 0 1540000 1540000 817000 -6307
23 1 8 1995 1995 816730 810693 0 0 1540000 1540000 810693 -6307
24 1 15 1995 1995 816730 804386 0 0 1540000 1540000 804386 -25201
25 1 22 1995 1995 779185 798078 0 0 1540000 1540000 779185 -37544
26 1 29 1995 1995 741641 791771 0 0 1540000 1540000 741641 -37545
27 2 5 1995 1995 704096 785464 0 0 1540000 1540000 704096 -34096
28 2 12 1995 1995 670000 741828 0 0 1540000 1540000 670000 -43625
29 2 19 1995 1995 626375 698192 0 0 1540000 1540000 626375 -43625
30 2 26 1995 1995 582750 654555 0 0 1540000 1540000 582750 -43625
31 3 5 1995 1995 539125 610919 0 0 1540000 1540000 539125 -43625
32 3 12 1995 1995 495500 529101 0 0 1540000 1540000 495500 -82325
33 3 19 1995 1995 413175 447283 0 0 1540000 1540000 413175 -82325
34 3 26 1995 1995 330850 365464 0 0 1540000 1540000 330850 -82325
35 4 2 1995 1995 248525 283646 0 0 1540000 1540000 248525 -82325
36 4 9 1995 1995 166200 283646 0 0 1540000 1540000 166200 25141
37 4 16 1995 1995 191341 283646 0 0 1540000 1540000 191341 25141
38 4 23 1995 1995 216482 283646 0 0 1540000 1540000 216482 25142
39 4 30 1995 1995 241624 283646 0 0 1540000 1540000 241624 25141
40 5 7 1995 1995 266765 283646 0 0 1540000 1540000 266765 16881
41 5 14 1995 1995 291906 283646 0 0 1540000 1540000 283646 0
42 5 21 1995 1995 317047 283646 0 0 1540000 1540000 283646 0
43 5 28 1995 1995 342188 283646 0 0 1540000 1540000 283646 0
44 6 4 1995 1995 367329 283646 0 0 1540000 1540000 283646 106909
45 6 11 1995 1995 392471 390555 0 0 1540000 1540000 390555 27057
46 6 18 1995 1995 417612 497464 0 0 1540000 1540000 417612 25141
47 6 25 1995 1995 442753 604373 0 0 1540000 1540000 442753 25141
48 7 2 1995 1995 467894 711282 0 0 1540000 1540000 467894 25141
49 7 9 1995 1995 493035 711282 0 0 1540000 1540000 493035 25141
50 7 16 1995 1995 518176 711282 0 0 1540000 1540000 518176 25142
51 7 23 1995 1995 543318 711282 0 0 1540000 1540000 543318 25141
52 7 30 1995 1995 568459 711282 0 0 1540000 1540000 568459 25141
1 8 6 1995 1996 593600 711282 0 0 1540000 1540000 593600 44680
2 8 13 1995 1996 638280 711282 0 0 1540000 1540000 638280 44680
3 8 20 1995 1996 682960 711282 0 0 1540000 1540000 682960 28322
4 8 27 1995 1996 727640 711282 0 0 1540000 1540000 711282 0
5 9 3 1995 1996 772320 711282 0 0 1540000 1540000 711282 26430
6 9 10 1995 1996 817000 737712 0 0 1540000 1540000 737712 26429
7 9 17 1995 1996 817000 764141 0 0 1540000 1540000 764141 26430
8 9 24 1995 1996 817000 790571 0 0 1540000 1540000 790571 26429
9 10 1 1995 1996 817000 817000 0 0 1540000 1540000 817000 0
10 10 8 1995 1996 817000 817000 0 0 1540000 1540000 817000 0
11 10 15 1995 1996 817000 817000 0 0 1540000 1540000 817000 0
12 10 22 1995 1996 817000 817000 0 0 1540000 1540000 817000 0
13 10 29 1995 1996 817000 817000 0 0 1540000 1540000 817000 0
14 11 5 1995 1996 817000 817000 0 0 1540000 1540000 817000 0
15 11 12 1995 1996 817000 817000 0 0 1540000 1540000 817000 0
16 11 19 1995 1996 817000 817000 0 0 1540000 1540000 817000 0
17 11 26 1995 1996 817000 817000 0 0 1540000 1540000 817000 0
18 12 3 1995 1996 817000 817000 0 0 1540000 1540000 817000 0
19 12 10 1995 1996 817000 817000 0 0 1540000 1540000 817000 0
20 12 17 1995 1996 817000 817000 0 0 1540000 1540000 817000 0
21 12 24 1995 1996 817000 817000 0 0 1540000 1540000 817000 0
22 12 31 1995 1996 817000 817000 0 0 1540000 1540000 817000 -6307
23 1 7 1996 1996 816730 810693 0 0 1540000 1540000 810693 -6307
24 1 14 1996 1996 816730 804386 0 0 1540000 1540000 804386 -25201
25 1 21 1996 1996 779185 798078 0 0 1540000 1540000 779185 -37544
26 1 28 1996 1996 741641 791771 0 0 1540000 1540000 741641 -37545
27 2 4 1996 1996 704096 785464 0 0 1540000 1540000 704096 -34096
28 2 11 1996 1996 670000 741828 0 0 1540000 1540000 670000 -43625
29 2 18 1996 1996 626375 698192 0 0 1540000 1540000 626375 -43625
30 2 25 1996 1996 582750 654555 0 0 1540000 1540000 582750 -43625
31 3 3 1996 1996 539125 610919 0 0 1540000 1540000 539125 -43625
32 3 10 1996 1996 495500 529101 0 0 1540000 1540000 495500 -82325
33 3 17 1996 1996 413175 447283 0 0 1540000 1540000 413175 -82325
34 3 24 1996 1996 330850 365464 0 0 1540000 1540000 330850 -82325
35 3 31 1996 1996 248525 283646 0 0 1540000 1540000 248525 -82325
36 4 7 1996 1996 166200 283646 0 0 1540000 1540000 166200 25141
37 4 14 1996 1996 191341 283646 0 0 1540000 1540000 191341 25141
38 4 21 1996 1996 216482 283646 0 0 1540000 1540000 216482 25142
39 4 28 1996 1996 241624 283646 0 0 1540000 1540000 241624 25141
40 5 5 1996 1996 266765 283646 0 0 1540000 1540000 266765 16881
41 5 12 1996 1996 291906 283646 0 0 1540000 1540000 283646 0
42 5 19 1996 1996 317047 283646 0 0 1540000 1540000 283646 0
43 5 26 1996 1996 342188 283646 0 0 1540000 1540000 283646 0
44 6 2 1996 1996 367329 283646 0 0 1540000 1540000 283646 106909
45 6 9 1996 1996 392471 390555 0 0 1540000 1540000 390555 27057
46 6 16 1996 1996 417612 497464 0 0 1540000 1540000 417612 25141
47 6 23 1996 1996 442753 604373 0 0 1540000 1540000 442753 25141
48 6 30 1996 1996 467894 711282 0 0 1540000 1540000 467894 25141
49 7 7 1996 1996 493035 711282 0 0 1540000 1540000 493035 25141
50 7 14 1996 1996 518176 711282 0 0 1540000 1540000 518176 25142
51 7 21 1996 1996 543318 711282 0 0 1540000 1540000 543318 25141
52 7 28 1996 1996 568459 711282 0 0 1540000 1540000 568459 25141
1 8 4 1996 1997 593600 711282 0 0 1540000 1540000 593600 44680
2 8 11 1996 1997 638280 711282 0 0 1540000 1540000 638280 44680
3 8 18 1996 1997 682960 711282 0 0 1540000 1540000 682960 28322
4 8 25 1996 1997 727640 711282 0 0 1540000 1540000 711282 0
5 9 1 1996 1997 772320 711282 0 0 1540000 1540000 711282 26430
6 9 8 1996 1997 817000 737712 0 0 1540000 1540000 737712 26429
7 9 15 1996 1997 817000 764141 0 0 1540000 1540000 764141 26430
8 9 22 1996 1997 817000 790571 0 0 1540000 1540000 790571 26429
9 9 29 1996 1997 817000 817000 0 0 1540000 1540000 817000 0
10 10 6 1996 1997 817000 817000 0 0 1540000 1540000 817000 0
11 10 13 1996 1997 817000 817000 0 0 1540000 1540000 817000 0
12 10 20 1996 1997 817000 817000 0 0 1540000 1540000 817000 0
13 10 27 1996 1997 817000 817000 0 0 1540000 1540000 817000 0
14 11 3 1996 1997 817000 817000 0 0 1540000 1540000 817000 0
15 11 10 1996 1997 817000 817000 0 0 1540000 1540000 817000 0
16 11 17 1996 1997 817000 817000 0 0 1540000 1540000 817000 0
17 11 24 1996 1997 817000 817000 0 0 1540000 1540000 817000 0
18 12 1 1996 1997 817000 817000 0 0 1540000 1540000 817000 0
19 12 8 1996 1997 817000 817000 0 0 1540000 1540000 817000 0
20 12 15 1996 1997 817000 817000 0 0 1540000 1540000 817000 0
21 12 22 1996 1997 817000 817000 0 0 1540000 1540000 817000 0
22 12 29 1996 1997 817000 817000 0 0 1540000 1540000 817000 -6307
23 1 5 1997 1997 816730 810693 0 0 1540000 1540000 810693 -6307
24 1 12 1997 1997 816730 804386 0 0 1540000 1540000 804386 -25201
25 1 19 1997 1997 779185 798078 0 0 1540000 1540000 779185 -37544
26 1 26 1997 1997 741641 791771 0 0 1540000 1540000 741641 -37545
27 2 2 1997 1997 704096 785464 0 0 1540000 1540000 704096 -34096
28 2 9 1997 1997 670000 741828 0 0 1540000 1540000 670000 -43625
29 2 16 1997 1997 626375 698192 0 0 1540000 1540000 626375 -43625
30 2 23 1997 1997 582750 654555 0 0 1540000 1540000 582750 -43625
31 3 2 1997 1997 539125 610919 0 0 1540000 1540000 539125 -43625
32 3 9 1997 1997 495500 529101 0 0 1540000 1540000 495500 -82325
33 3 16 1997 1997 413175 447283 0 0 1540000 1540000 413175 -82325
34 3 23 1997 1997 330850 365464 0 0 1540000 1540000 330850 -82325
35 3 30 1997 1997 248525 283646 0 0 1540000 1540000 248525 -82325
36 4 6 1997 1997 166200 283646 0 0 1540000 1540000 166200 25141
37 4 13 1997 1997 191341 283646 0 0 1540000 1540000 191341 25141
38 4 20 1997 1997 216482 283646 0 0 1540000 1540000 216482 25142
39 4 27 1997 1997 241624 283646 0 0 1540000 1540000 241624 25141
40 5 4 1997 1997 266765 283646 0 0 1540000 1540000 266765 16881
41 5 11 1997 1997 291906 283646 0 0 1540000 1540000 283646 0
42 5 18 1997 1997 317047 283646 0 0 1540000 1540000 283646 0
43 5 25 1997 1997 342188 283646 0 0 1540000 1540000 283646 0
44 6 1 1997 1997 367329 283646 0 0 1540000 1540000 283646 106909
45 6 8 1997 1997 392471 390555 0 0 1540000 1540000 390555 27057
46 6 15 1997 1997 417612 497464 0 0 1540000 1540000 417612 25141
47 6 22 1997 1997 442753 604373 0 0 1540000 1540000 442753 25141
48 6 29 1997 1997 467894 711282 0 0 1540000 1540000 467894 25141
49 7 6 1997 1997 493035 711282 0 0 1540000 1540000 493035 25141
50 7 13 1997 1997 518176 711282 0 0 1540000 1540000 518176 25142
51 7 20 1997 1997 543318 711282 0 0 1540000 1540000 543318 25141
52 7 27 1997 1997 568459 711282 0 0 1540000 1540000 568459 25141
1 8 3 1997 1998 593600 711282 0 0 1540000 1540000 593600 44680
2 8 10 1997 1998 638280 711282 0 0 1540000 1540000 638280 44680
3 8 17 1997 1998 682960 711282 0 0 1540000 1540000 682960 28322
4 8 24 1997 1998 727640 711282 0 0 1540000 1540000 711282 0
5 8 31 1997 1998 772320 711282 0 0 1540000 1540000 711282 26430
6 9 7 1997 1998 817000 737712 0 0 1540000 1540000 737712 26429
7 9 14 1997 1998 817000 764141 0 0 1540000 1540000 764141 26430
8 9 21 1997 1998 817000 790571 0 0 1540000 1540000 790571 26429
9 9 28 1997 1998 817000 817000 0 0 1540000 1540000 817000 0
10 10 5 1997 1998 817000 817000 0 0 1540000 1540000 817000 0
11 10 12 1997 1998 817000 817000 0 0 1540000 1540000 817000 0
12 10 19 1997 1998 817000 817000 0 0 1540000 1540000 817000 0
13 10 26 1997 1998 817000 817000 0 0 1540000 1540000 817000 0
14 11 2 1997 1998 817000 817000 0 0 1540000 1540000 817000 0
15 11 9 1997 1998 817000 817000 0 0 1540000 1540000 817000 0
16 11 16 1997 1998 817000 817000 0 0 1540000 1540000 817000 0
17 11 23 1997 1998 817000 817000 0 0 1540000 1540000 817000 0
18 11 30 1997 1998 817000 817000 0 0 1540000 1540000 817000 0
19 12 7 1997 1998 817000 817000 0 0 1540000 1540000 817000 0
20 12 14 1997 1998 817000 817000 0 0 1540000 1540000 817000 0
21 12 21 1997 1998 817000 817000 0 0 1540000 1540000 817000 0
22 12 28 1997 1998 817000 817000 0 0 1540000 1540000 817000 -6307
23 1 4 1998 1998 816730 810693 0 0 1540000 1540000 810693 -6307
24 1 11 1998 1998 816730 804386 0 0 1540000 1540000 804386 -25201
25 1 18 1998 1998 779185 798078 0 0 1540000 1540000 779185 -37544
26 1 25 1998 1998 741641 791771 0 0 1540000 1540000 741641 -37545
27 2 1 1998 1998 704096 785464 0 0 1540000 1540000 704096 -34096
28 2 8 1998 1998 670000 741828 0 0 1540000 1540000 670000 -43625
29 2 15 1998 1998 626375 698192 0 0 1540000 1540000 626375 -43625
30 2 22 1998 1998 582750 654555 0 0 1540000 1540000 582750 -43625
31 3 1 1998 1998 539125 610919 0 0 1540000 1540000 539125 -43625
32 3 8 1998 1998 495500 529101 0 0 1540000 1540000 495500 -82325
33 3 15 1998 1998 413175 447283 0 0 1540000 1540000 413175 -82325
34 3 22 1998 1998 330850 365464 0 0 1540000 1540000 330850 -82325
35 3 29 1998 1998 248525 283646 0 0 1540000 1540000 248525 -82325
36 4 5 1998 1998 166200 283646 0 0 1540000 1540000 166200 25141
37 4 12 1998 1998 191341 283646 0 0 1540000 1540000 191341 25141
38 4 19 1998 1998 216482 283646 0 0 1540000 1540000 216482 25142
39 4 26 1998 1998 241624 283646 0 0 1540000 1540000 241624 25141
40 5 3 1998 1998 266765 283646 0 0 1540000 1540000 266765 16881
41 5 10 1998 1998 291906 283646 0 0 1540000 1540000 283646 0
42 5 17 1998 1998 317047 283646 0 0 1540000 1540000 283646 0
43 5 24 1998 1998 342188 283646 0 0 1540000 1540000 283646 0
44 5 31 1998 1998 367329 283646 0 0 1540000 1540000 283646 106909
45 6 7 1998 1998 392471 390555 0 0 1540000 1540000 390555 27057
46 6 14 1998 1998 417612 497464 0 0 1540000 1540000 417612 25141
47 6 21 1998 1998 442753 604373 0 0 1540000 1540000 442753 25141
48 6 28 1998 1998 467894 711282 0 0 1540000 1540000 467894 25141
49 7 5 1998 1998 493035 711282 0 0 1540000 1540000 493035 25141
50 7 12 1998 1998 518176 711282 0 0 1540000 1540000 518176 25142
51 7 19 1998 1998 543318 711282 0 0 1540000 1540000 543318 25141
52 7 26 1998 1998 568459 711282 0 0 1540000 1540000 568459 25141
1 8 2 1998 1999 593600 711282 0 0 1540000 1540000 593600 44680
2 8 9 1998 1999 638280 711282 0 0 1540000 1540000 638280 44680
3 8 16 1998 1999 682960 711282 0 0 1540000 1540000 682960 28322
4 8 23 1998 1999 727640 711282 0 0 1540000 1540000 711282 0
5 8 30 1998 1999 772320 711282 0 0 1540000 1540000 711282 26430
6 9 6 1998 1999 817000 737712 0 0 1540000 1540000 737712 26429
7 9 13 1998 1999 817000 764141 0 0 1540000 1540000 764141 26430
8 9 20 1998 1999 817000 790571 0 0 1540000 1540000 790571 26429
9 9 27 1998 1999 817000 817000 0 0 1540000 1540000 817000 0
10 10 4 1998 1999 817000 817000 0 0 1540000 1540000 817000 0
11 10 11 1998 1999 817000 817000 0 0 1540000 1540000 817000 0
12 10 18 1998 1999 817000 817000 0 0 1540000 1540000 817000 0
13 10 25 1998 1999 817000 817000 0 0 1540000 1540000 817000 0
14 11 1 1998 1999 817000 817000 0 0 1540000 1540000 817000 0
15 11 8 1998 1999 817000 817000 0 0 1540000 1540000 817000 0
16 11 15 1998 1999 817000 817000 0 0 1540000 1540000 817000 0
17 11 22 1998 1999 817000 817000 0 0 1540000 1540000 817000 0
18 11 29 1998 1999 817000 817000 0 0 1540000 1540000 817000 0
19 12 6 1998 1999 817000 817000 0 0 1540000 1540000 817000 0
20 12 13 1998 1999 817000 817000 0 0 1540000 1540000 817000 0
21 12 20 1998 1999 817000 817000 0 0 1540000 1540000 817000 0
22 12 27 1998 1999 817000 817000 0 0 1540000 1540000 817000 -6307
23 1 3 1999 1999 816730 810693 0 0 1540000 1540000 810693 -6307
24 1 10 1999 1999 816730 804386 0 0 1540000 1540000 804386 -25201
25 1 17 1999 1999 779185 798078 0 0 1540000 1540000 779185 -37544
26 1 24 1999 1999 741641 791771 0 0 1540000 1540000 741641 -37545
27 1 31 1999 1999 704096 785464 0 0 1540000 1540000 704096 -34096
28 2 7 1999 1999 670000 741828 0 0 1540000 1540000 670000 -43625
29 2 14 1999 1999 626375 698192 0 0 1540000 1540000 626375 -43625
30 2 21 1999 1999 582750 654555 0 0 1540000 1540000 582750 -43625
31 2 28 1999 1999 539125 610919 0 0 1540000 1540000 539125 -43625
32 3 7 1999 1999 495500 529101 0 0 1540000 1540000 495500 -82325
33 3 14 1999 1999 413175 447283 0 0 1540000 1540000 413175 -82325
34 3 21 1999 1999 330850 365464 0 0 1540000 1540000 330850 -82325
35 3 28 1999 1999 248525 283646 0 0 1540000 1540000 248525 -82325
36 4 4 1999 1999 166200 283646 0 0 1540000 1540000 166200 25141
37 4 11 1999 1999 191341 283646 0 0 1540000 1540000 191341 25141
38 4 18 1999 1999 216482 283646 0 0 1540000 1540000 216482 25142
39 4 25 1999 1999 241624 283646 0 0 1540000 1540000 241624 25141
40 5 2 1999 1999 266765 283646 0 0 1540000 1540000 266765 16881
41 5 9 1999 1999 291906 283646 0 0 1540000 1540000 283646 0
42 5 16 1999 1999 317047 283646 0 0 1540000 1540000 283646 0
43 5 23 1999 1999 342188 283646 0 0 1540000 1540000 283646 0
44 5 30 1999 1999 367329 283646 0 0 1540000 1540000 283646 106909
45 6 6 1999 1999 392471 390555 0 0 1540000 1540000 390555 27057
46 6 13 1999 1999 417612 497464 0 0 1540000 1540000 417612 25141
47 6 20 1999 1999 442753 604373 0 0 1540000 1540000 442753 25141
48 6 27 1999 1999 467894 711282 0 0 1540000 1540000 467894 25141
49 7 4 1999 1999 493035 711282 0 0 1540000 1540000 493035 25141
50 7 11 1999 1999 518176 711282 0 0 1540000 1540000 518176 25142
51 7 18 1999 1999 543318 711282 0 0 1540000 1540000 543318 25141
52 7 25 1999 1999 568459 711282 0 0 1540000 1540000 568459 25141
1 8 1 1999 2000 593600 711282 0 0 1540000 1540000 593600 44680
2 8 8 1999 2000 638280 711282 0 0 1540000 1540000 638280 44680
3 8 15 1999 2000 682960 711282 0 0 1540000 1540000 682960 28322
4 8 22 1999 2000 727640 711282 0 0 1540000 1540000 711282 0
5 8 29 1999 2000 772320 711282 0 0 1540000 1540000 711282 26430
6 9 5 1999 2000 817000 737712 0 0 1540000 1540000 737712 26429
7 9 12 1999 2000 817000 764141 0 0 1540000 1540000 764141 26430
8 9 19 1999 2000 817000 790571 0 0 1540000 1540000 790571 26429
9 9 26 1999 2000 817000 817000 0 0 1540000 1540000 817000 0
10 10 3 1999 2000 817000 817000 0 0 1540000 1540000 817000 0
11 10 10 1999 2000 817000 817000 0 0 1540000 1540000 817000 0
12 10 17 1999 2000 817000 817000 0 0 1540000 1540000 817000 0
13 10 24 1999 2000 817000 817000 0 0 1540000 1540000 817000 0
14 10 31 1999 2000 817000 817000 0 0 1540000 1540000 817000 0
15 11 7 1999 2000 817000 817000 0 0 1540000 1540000 817000 0
16 11 14 1999 2000 817000 817000 0 0 1540000 1540000 817000 0
17 11 21 1999 2000 817000 817000 0 0 1540000 1540000 817000 0
18 11 28 1999 2000 817000 817000 0 0 1540000 1540000 817000 0
19 12 5 1999 2000 817000 817000 0 0 1540000 1540000 817000 0
20 12 12 1999 2000 817000 817000 0 0 1540000 1540000 817000 0
21 12 19 1999 2000 817000 817000 0 0 1540000 1540000 817000 0
22 12 26 1999 2000 817000 817000 0 0 1540000 1540000 817000 -6307
23 1 2 2000 2000 816730 810693 0 0 1540000 1540000 810693 -6307
24 1 9 2000 2000 816730 804386 0 0 1540000 1540000 804386 -25201
25 1 16 2000 2000 779185 798078 0 0 1540000 1540000 779185 -37544
26 1 23 2000 2000 741641 791771 0 0 1540000 1540000 741641 -37545
27 1 30 2000 2000 704096 785464 0 0 1540000 1540000 704096 -34096
28 2 6 2000 2000 670000 741828 0 0 1540000 1540000 670000 -43625
29 2 13 2000 2000 626375 698192 0 0 1540000 1540000 626375 -43625
30 2 20 2000 2000 582750 654555 0 0 1540000 1540000 582750 -43625
31 2 27 2000 2000 539125 610919 0 0 1540000 1540000 539125 -43625
32 3 5 2000 2000 495500 529101 0 0 1540000 1540000 495500 -82325
33 3 12 2000 2000 413175 447283 0 0 1540000 1540000 413175 -82325
34 3 19 2000 2000 330850 365464 0 0 1540000 1540000 330850 -82325
35 3 26 2000 2000 248525 283646 0 0 1540000 1540000 248525 -82325
36 4 2 2000 2000 166200 283646 0 0 1540000 1540000 166200 25141
37 4 9 2000 2000 191341 283646 0 0 1540000 1540000 191341 25141
38 4 16 2000 2000 216482 283646 0 0 1540000 1540000 216482 25142
39 4 23 2000 2000 241624 283646 0 0 1540000 1540000 241624 25141
40 4 30 2000 2000 266765 283646 0 0 1540000 1540000 266765 16881
41 5 7 2000 2000 291906 283646 0 0 1540000 1540000 283646 0
42 5 14 2000 2000 317047 283646 0 0 1540000 1540000 283646 0
43 5 21 2000 2000 342188 283646 0 0 1540000 1540000 283646 0
44 5 28 2000 2000 367329 283646 0 0 1540000 1540000 283646 106909
45 6 4 2000 2000 392471 390555 0 0 1540000 1540000 390555 27057
46 6 11 2000 2000 417612 497464 0 0 1540000 1540000 417612 25141
47 6 18 2000 2000 442753 604373 0 0 1540000 1540000 442753 25141
48 6 25 2000 2000 467894 711282 0 0 1540000 1540000 467894 25141
49 7 2 2000 2000 493035 711282 0 0 1540000 1540000 493035 25141
50 7 9 2000 2000 518176 711282 0 0 1540000 1540000 518176 25142
51 7 16 2000 2000 543318 711282 0 0 1540000 1540000 543318 25141
52 7 23 2000 2000 568459 711282 0 0 1540000 1540000 568459 817000
52 7 30 2000 2000 568459 711282 0 0 1540000 817000 817000 817000
1 8 6 2000 2001 593600 711282 0 0 1540000 1540000 593600 44680
2 8 13 2000 2001 638280 711282 0 0 1540000 1540000 638280 44680
3 8 20 2000 2001 682960 711282 0 0 1540000 1540000 682960 28322
4 8 27 2000 2001 727640 711282 0 0 1540000 1540000 711282 0
5 9 3 2000 2001 772320 711282 0 0 1540000 1540000 711282 26430
6 9 10 2000 2001 817000 737712 0 0 1540000 1540000 737712 26429
7 9 17 2000 2001 817000 764141 0 0 1540000 1540000 764141 26430
8 9 24 2000 2001 817000 790571 0 0 1540000 1540000 790571 26429
9 10 1 2000 2001 817000 817000 0 0 1540000 1540000 817000 0
10 10 8 2000 2001 817000 817000 0 0 1540000 1540000 817000 0
11 10 15 2000 2001 817000 817000 0 0 1540000 1540000 817000 0
12 10 22 2000 2001 817000 817000 0 0 1540000 1540000 817000 0
13 10 29 2000 2001 817000 817000 0 0 1540000 1540000 817000 0
14 11 5 2000 2001 817000 817000 0 0 1540000 1540000 817000 0
15 11 12 2000 2001 817000 817000 0 0 1540000 1540000 817000 0
16 11 19 2000 2001 817000 817000 0 0 1540000 1540000 817000 0
17 11 26 2000 2001 817000 817000 0 0 1540000 1540000 817000 0
18 12 3 2000 2001 817000 817000 0 0 1540000 1540000 817000 0
19 12 10 2000 2001 817000 817000 0 0 1540000 1540000 817000 0
20 12 17 2000 2001 817000 817000 0 0 1540000 1540000 817000 0
21 12 24 2000 2001 817000 817000 0 0 1540000 1540000 817000 0
22 12 31 2000 2001 817000 817000 0 0 1540000 1540000 817000 -6307
23 1 7 2001 2001 816730 810693 0 0 1540000 1540000 810693 -6307
24 1 14 2001 2001 816730 804386 0 0 1540000 1540000 804386 -25201
25 1 21 2001 2001 779185 798078 0 0 1540000 1540000 779185 -37544
26 1 28 2001 2001 741641 791771 0 0 1540000 1540000 741641 -37545
27 2 4 2001 2001 704096 785464 0 0 1540000 1540000 704096 -34096
28 2 11 2001 2001 670000 741828 0 0 1540000 1540000 670000 -43625
29 2 18 2001 2001 626375 698192 0 0 1540000 1540000 626375 -43625
30 2 25 2001 2001 582750 654555 0 0 1540000 1540000 582750 -43625
31 3 4 2001 2001 539125 610919 0 0 1540000 1540000 539125 -43625
32 3 11 2001 2001 495500 529101 0 0 1540000 1540000 495500 -82325
33 3 18 2001 2001 413175 447283 0 0 1540000 1540000 413175 -82325
34 3 25 2001 2001 330850 365464 0 0 1540000 1540000 330850 -82325
35 4 1 2001 2001 248525 283646 0 0 1540000 1540000 248525 -82325
36 4 8 2001 2001 166200 283646 0 0 1540000 1540000 166200 25141
37 4 15 2001 2001 191341 283646 0 0 1540000 1540000 191341 25141
38 4 22 2001 2001 216482 283646 0 0 1540000 1540000 216482 25142
39 4 29 2001 2001 241624 283646 0 0 1540000 1540000 241624 25141
40 5 6 2001 2001 266765 283646 0 0 1540000 1540000 266765 16881
41 5 13 2001 2001 291906 283646 0 0 1540000 1540000 283646 0
42 5 20 2001 2001 317047 283646 0 0 1540000 1540000 283646 0
43 5 27 2001 2001 342188 283646 0 0 1540000 1540000 283646 0
44 6 3 2001 2001 367329 283646 0 0 1540000 1540000 283646 106909
45 6 10 2001 2001 392471 390555 0 0 1540000 1540000 390555 27057
46 6 17 2001 2001 417612 497464 0 0 1540000 1540000 417612 25141
47 6 24 2001 2001 442753 604373 0 0 1540000 1540000 442753 25141
48 7 1 2001 2001 467894 711282 0 0 1540000 1540000 467894 25141
49 7 8 2001 2001 493035 711282 0 0 1540000 1540000 493035 25141
50 7 15 2001 2001 518176 711282 0 0 1540000 1540000 518176 25142
51 7 22 2001 2001 543318 711282 0 0 1540000 1540000 543318 25141
52 7 29 2001 2001 568459 711282 0 0 1540000 1540000 568459 25141
1 8 5 2001 2002 593600 711282 0 0 1540000 1540000 593600 44680
2 8 12 2001 2002 638280 711282 0 0 1540000 1540000 638280 44680
3 8 19 2001 2002 682960 711282 0 0 1540000 1540000 682960 28322
4 8 26 2001 2002 727640 711282 0 0 1540000 1540000 711282 0
5 9 2 2001 2002 772320 711282 0 0 1540000 1540000 711282 26430
6 9 9 2001 2002 817000 737712 0 0 1540000 1540000 737712 26429
7 9 16 2001 2002 817000 764141 0 0 1540000 1540000 764141 26430
8 9 23 2001 2002 817000 790571 0 0 1540000 1540000 790571 26429
9 9 30 2001 2002 817000 817000 0 0 1540000 1540000 817000 0
10 10 7 2001 2002 817000 817000 0 0 1540000 1540000 817000 0
11 10 14 2001 2002 817000 817000 0 0 1540000 1540000 817000 0
12 10 21 2001 2002 817000 817000 0 0 1540000 1540000 817000 0
13 10 28 2001 2002 817000 817000 0 0 1540000 1540000 817000 0
14 11 4 2001 2002 817000 817000 0 0 1540000 1540000 817000 0
15 11 11 2001 2002 817000 817000 0 0 1540000 1540000 817000 0
16 11 18 2001 2002 817000 817000 0 0 1540000 1540000 817000 0
17 11 25 2001 2002 817000 817000 0 0 1540000 1540000 817000 0
18 12 2 2001 2002 817000 817000 0 0 1540000 1540000 817000 0
19 12 9 2001 2002 817000 817000 0 0 1540000 1540000 817000 0
20 12 16 2001 2002 817000 817000 0 0 1540000 1540000 817000 0
21 12 23 2001 2002 817000 817000 0 0 1540000 1540000 817000 0
22 12 30 2001 2002 817000 817000 0 0 1540000 1540000 817000 -6307
23 1 6 2002 2002 816730 810693 0 0 1540000 1540000 810693 -6307
24 1 13 2002 2002 816730 804386 0 0 1540000 1540000 804386 -25201
25 1 20 2002 2002 779185 798078 0 0 1540000 1540000 779185 -37544
26 1 27 2002 2002 741641 791771 0 0 1540000 1540000 741641 -37545
27 2 3 2002 2002 704096 785464 0 0 1540000 1540000 704096 -34096
28 2 10 2002 2002 670000 741828 0 0 1540000 1540000 670000 -43625
29 2 17 2002 2002 626375 698192 0 0 1540000 1540000 626375 -43625
30 2 24 2002 2002 582750 654555 0 0 1540000 1540000 582750 -43625
31 3 3 2002 2002 539125 610919 0 0 1540000 1540000 539125 -43625
32 3 10 2002 2002 495500 529101 0 0 1540000 1540000 495500 -82325
33 3 17 2002 2002 413175 447283 0 0 1540000 1540000 413175 -82325
34 3 24 2002 2002 330850 365464 0 0 1540000 1540000 330850 -82325
35 3 31 2002 2002 248525 283646 0 0 1540000 1540000 248525 -82325
36 4 7 2002 2002 166200 283646 0 0 1540000 1540000 166200 25141
37 4 14 2002 2002 191341 283646 0 0 1540000 1540000 191341 25141
38 4 21 2002 2002 216482 283646 0 0 1540000 1540000 216482 25142
39 4 28 2002 2002 241624 283646 0 0 1540000 1540000 241624 25141
40 5 5 2002 2002 266765 283646 0 0 1540000 1540000 266765 16881
41 5 12 2002 2002 291906 283646 0 0 1540000 1540000 283646 0
42 5 19 2002 2002 317047 283646 0 0 1540000 1540000 283646 0
43 5 26 2002 2002 342188 283646 0 0 1540000 1540000 283646 0
44 6 2 2002 2002 367329 283646 0 0 1540000 1540000 283646 106909
45 6 9 2002 2002 392471 390555 0 0 1540000 1540000 390555 27057
46 6 16 2002 2002 417612 497464 0 0 1540000 1540000 417612 25141
47 6 23 2002 2002 442753 604373 0 0 1540000 1540000 442753 25141
48 6 30 2002 2002 467894 711282 0 0 1540000 1540000 467894 25141
49 7 7 2002 2002 493035 711282 0 0 1540000 1540000 493035 25141
50 7 14 2002 2002 518176 711282 0 0 1540000 1540000 518176 25142
51 7 21 2002 2002 543318 711282 0 0 1540000 1540000 543318 25141
52 7 28 2002 2002 568459 711282 0 0 1540000 1540000 568459 25141
1 8 4 2002 2003 593600 711282 0 0 1540000 1540000 593600 44680
2 8 11 2002 2003 638280 711282 0 0 1540000 1540000 638280 44680
3 8 18 2002 2003 682960 711282 0 0 1540000 1540000 682960 28322
4 8 25 2002 2003 727640 711282 0 0 1540000 1540000 711282 0
5 9 1 2002 2003 772320 711282 0 0 1540000 1540000 711282 26430
6 9 8 2002 2003 817000 737712 0 0 1540000 1540000 737712 26429
7 9 15 2002 2003 817000 764141 0 0 1540000 1540000 764141 26430
8 9 22 2002 2003 817000 790571 0 0 1540000 1540000 790571 26429
9 9 29 2002 2003 817000 817000 0 0 1540000 1540000 817000 0
10 10 6 2002 2003 817000 817000 0 0 1540000 1540000 817000 0
11 10 13 2002 2003 817000 817000 0 0 1540000 1540000 817000 0
12 10 20 2002 2003 817000 817000 0 0 1540000 1540000 817000 0
13 10 27 2002 2003 817000 817000 0 0 1540000 1540000 817000 0
14 11 3 2002 2003 817000 817000 0 0 1540000 1540000 817000 0
15 11 10 2002 2003 817000 817000 0 0 1540000 1540000 817000 0
16 11 17 2002 2003 817000 817000 0 0 1540000 1540000 817000 0
17 11 24 2002 2003 817000 817000 0 0 1540000 1540000 817000 0
18 12 1 2002 2003 817000 817000 0 0 1540000 1540000 817000 0
19 12 8 2002 2003 817000 817000 0 0 1540000 1540000 817000 0
20 12 15 2002 2003 817000 817000 0 0 1540000 1540000 817000 0
21 12 22 2002 2003 817000 817000 0 0 1540000 1540000 817000 0
22 12 29 2002 2003 817000 817000 0 0 1540000 1540000 817000 -6307
23 1 5 2003 2003 816730 810693 0 0 1540000 1540000 810693 -6307
24 1 12 2003 2003 816730 804386 0 0 1540000 1540000 804386 -25201
25 1 19 2003 2003 779185 798078 0 0 1540000 1540000 779185 -37544
26 1 26 2003 2003 741641 791771 0 0 1540000 1540000 741641 -37545
27 2 2 2003 2003 704096 785464 0 0 1540000 1540000 704096 -34096
28 2 9 2003 2003 670000 741828 0 0 1540000 1540000 670000 -43625
29 2 16 2003 2003 626375 698192 0 0 1540000 1540000 626375 -43625
30 2 23 2003 2003 582750 654555 0 0 1540000 1540000 582750 -43625
31 3 2 2003 2003 539125 610919 0 0 1540000 1540000 539125 -43625
32 3 9 2003 2003 495500 529101 0 0 1540000 1540000 495500 -82325
33 3 16 2003 2003 413175 447283 0 0 1540000 1540000 413175 -82325
34 3 23 2003 2003 330850 365464 0 0 1540000 1540000 330850 -82325
35 3 30 2003 2003 248525 283646 0 0 1540000 1540000 248525 -82325
36 4 6 2003 2003 166200 283646 0 0 1540000 1540000 166200 25141
37 4 13 2003 2003 191341 283646 0 0 1540000 1540000 191341 25141
38 4 20 2003 2003 216482 283646 0 0 1540000 1540000 216482 25142
39 4 27 2003 2003 241624 283646 0 0 1540000 1540000 241624 25141
40 5 4 2003 2003 266765 283646 0 0 1540000 1540000 266765 16881
41 5 11 2003 2003 291906 283646 0 0 1540000 1540000 283646 0
42 5 18 2003 2003 317047 283646 0 0 1540000 1540000 283646 0
43 5 25 2003 2003 342188 283646 0 0 1540000 1540000 283646 0
44 6 1 2003 2003 367329 283646 0 0 1540000 1540000 283646 106909
45 6 8 2003 2003 392471 390555 0 0 1540000 1540000 390555 27057
46 6 15 2003 2003 417612 497464 0 0 1540000 1540000 417612 25141
47 6 22 2003 2003 442753 604373 0 0 1540000 1540000 442753 25141
48 6 29 2003 2003 467894 711282 0 0 1540000 1540000 467894 25141
49 7 6 2003 2003 493035 711282 0 0 1540000 1540000 493035 25141
50 7 13 2003 2003 518176 711282 0 0 1540000 1540000 518176 25142
51 7 20 2003 2003 543318 711282 0 0 1540000 1540000 543318 25141
52 7 27 2003 2003 568459 711282 0 0 1540000 1540000 568459 25141
1 8 3 2003 2004 593600 711282 0 0 1540000 1540000 593600 44680
2 8 10 2003 2004 638280 711282 0 0 1540000 1540000 638280 44680
3 8 17 2003 2004 682960 711282 0 0 1540000 1540000 682960 28322
4 8 24 2003 2004 727640 711282 0 0 1540000 1540000 711282 0
5 8 31 2003 2004 772320 711282 0 0 1540000 1540000 711282 26430
6 9 7 2003 2004 817000 737712 0 0 1540000 1540000 737712 26429
7 9 14 2003 2004 817000 764141 0 0 1540000 1540000 764141 26430
8 9 21 2003 2004 817000 790571 0 0 1540000 1540000 790571 26429
9 9 28 2003 2004 817000 817000 0 0 1540000 1540000 817000 0
10 10 5 2003 2004 817000 817000 0 0 1540000 1540000 817000 0
11 10 12 2003 2004 817000 817000 0 0 1540000 1540000 817000 0
12 10 19 2003 2004 817000 817000 0 0 1540000 1540000 817000 0
13 10 26 2003 2004 817000 817000 0 0 1540000 1540000 817000 0
14 11 2 2003 2004 817000 817000 0 0 1540000 1540000 817000 0
15 11 9 2003 2004 817000 817000 0 0 1540000 1540000 817000 0
16 11 16 2003 2004 817000 817000 0 0 1540000 1540000 817000 0
17 11 23 2003 2004 817000 817000 0 0 1540000 1540000 817000 0
18 11 30 2003 2004 817000 817000 0 0 1540000 1540000 817000 0
19 12 7 2003 2004 817000 817000 0 0 1540000 1540000 817000 0
20 12 14 2003 2004 817000 817000 0 0 1540000 1540000 817000 0
21 12 21 2003 2004 817000 817000 0 0 1540000 1540000 817000 0
22 12 28 2003 2004 817000 817000 0 0 1540000 1540000 817000 -6307
23 1 4 2004 2004 816730 810693 0 0 1540000 1540000 810693 -6307
24 1 11 2004 2004 816730 804386 0 0 1540000 1540000 804386 -25201
25 1 18 2004 2004 779185 798078 0 0 1540000 1540000 779185 -37544
26 1 25 2004 2004 741641 791771 0 0 1540000 1540000 741641 -37545
27 2 1 2004 2004 704096 785464 0 0 1540000 1540000 704096 -34096
28 2 8 2004 2004 670000 741828 0 0 1540000 1540000 670000 -43625
29 2 15 2004 2004 626375 698192 0 0 1540000 1540000 626375 -43625
30 2 22 2004 2004 582750 654555 0 0 1540000 1540000 582750 -43625
31 2 29 2004 2004 539125 610919 0 0 1540000 1540000 539125 -43625
32 3 7 2004 2004 495500 529101 0 0 1540000 1540000 495500 -82325
33 3 14 2004 2004 413175 447283 0 0 1540000 1540000 413175 -82325
34 3 21 2004 2004 330850 365464 0 0 1540000 1540000 330850 -82325
35 3 28 2004 2004 248525 283646 0 0 1540000 1540000 248525 -82325
36 4 4 2004 2004 166200 283646 0 0 1540000 1540000 166200 25141
37 4 11 2004 2004 191341 283646 0 0 1540000 1540000 191341 25141
38 4 18 2004 2004 216482 283646 0 0 1540000 1540000 216482 25142
39 4 25 2004 2004 241624 283646 0 0 1540000 1540000 241624 25141
40 5 2 2004 2004 266765 283646 0 0 1540000 1540000 266765 16881
41 5 9 2004 2004 291906 283646 0 0 1540000 1540000 283646 0
42 5 16 2004 2004 317047 283646 0 0 1540000 1540000 283646 0
43 5 23 2004 2004 342188 283646 0 0 1540000 1540000 283646 0
44 5 30 2004 2004 367329 283646 0 0 1540000 1540000 283646 106909
45 6 6 2004 2004 392471 390555 0 0 1540000 1540000 390555 27057
46 6 13 2004 2004 417612 497464 0 0 1540000 1540000 417612 25141
47 6 20 2004 2004 442753 604373 0 0 1540000 1540000 442753 25141
48 6 27 2004 2004 467894 711282 0 0 1540000 1540000 467894 25141
49 7 4 2004 2004 493035 711282 0 0 1540000 1540000 493035 25141
50 7 11 2004 2004 518176 711282 0 0 1540000 1540000 518176 25142
51 7 18 2004 2004 543318 711282 0 0 1540000 1540000 543318 25141
52 7 25 2004 2004 568459 711282 0 0 1540000 1540000 568459 25141
1 8 1 2004 2005 593600 711282 0 0 1540000 1540000 593600 44680
2 8 8 2004 2005 638280 711282 0 0 1540000 1540000 638280 44680
3 8 15 2004 2005 682960 711282 0 0 1540000 1540000 682960 28322
4 8 22 2004 2005 727640 711282 0 0 1540000 1540000 711282 0
5 8 29 2004 2005 772320 711282 0 0 1540000 1540000 711282 26430
6 9 5 2004 2005 817000 737712 0 0 1540000 1540000 737712 26429
7 9 12 2004 2005 817000 764141 0 0 1540000 1540000 764141 26430
8 9 19 2004 2005 817000 790571 0 0 1540000 1540000 790571 26429
9 9 26 2004 2005 817000 817000 0 0 1540000 1540000 817000 0
10 10 3 2004 2005 817000 817000 0 0 1540000 1540000 817000 0
11 10 10 2004 2005 817000 817000 0 0 1540000 1540000 817000 0
12 10 17 2004 2005 817000 817000 0 0 1540000 1540000 817000 0
13 10 24 2004 2005 817000 817000 0 0 1540000 1540000 817000 0
14 10 31 2004 2005 817000 817000 0 0 1540000 1540000 817000 0
15 11 7 2004 2005 817000 817000 0 0 1540000 1540000 817000 0
16 11 14 2004 2005 817000 817000 0 0 1540000 1540000 817000 0
17 11 21 2004 2005 817000 817000 0 0 1540000 1540000 817000 0
18 11 28 2004 2005 817000 817000 0 0 1540000 1540000 817000 0
19 12 5 2004 2005 817000 817000 0 0 1540000 1540000 817000 0
20 12 12 2004 2005 817000 817000 0 0 1540000 1540000 817000 0
21 12 19 2004 2005 817000 817000 0 0 1540000 1540000 817000 0
22 12 26 2004 2005 817000 817000 0 0 1540000 1540000 817000 -6307
23 1 2 2005 2005 816730 810693 0 0 1540000 1540000 810693 -6307
24 1 9 2005 2005 816730 804386 0 0 1540000 1540000 804386 -25201
25 1 16 2005 2005 779185 798078 0 0 1540000 1540000 779185 -37544
26 1 23 2005 2005 741641 791771 0 0 1540000 1540000 741641 -37545
27 1 30 2005 2005 704096 785464 0 0 1540000 1540000 704096 -34096
28 2 6 2005 2005 670000 741828 0 0 1540000 1540000 670000 -43625
29 2 13 2005 2005 626375 698192 0 0 1540000 1540000 626375 -43625
30 2 20 2005 2005 582750 654555 0 0 1540000 1540000 582750 -43625
31 2 27 2005 2005 539125 610919 0 0 1540000 1540000 539125 -43625
32 3 6 2005 2005 495500 529101 0 0 1540000 1540000 495500 -82325
33 3 13 2005 2005 413175 447283 0 0 1540000 1540000 413175 -82325
34 3 20 2005 2005 330850 365464 0 0 1540000 1540000 330850 -82325
35 3 27 2005 2005 248525 283646 0 0 1540000 1540000 248525 -82325
36 4 3 2005 2005 166200 283646 0 0 1540000 1540000 166200 25141
37 4 10 2005 2005 191341 283646 0 0 1540000 1540000 191341 25141
38 4 17 2005 2005 216482 283646 0 0 1540000 1540000 216482 25142
39 4 24 2005 2005 241624 283646 0 0 1540000 1540000 241624 25141
40 5 1 2005 2005 266765 283646 0 0 1540000 1540000 266765 16881
41 5 8 2005 2005 291906 283646 0 0 1540000 1540000 283646 0
42 5 15 2005 2005 317047 283646 0 0 1540000 1540000 283646 0
43 5 22 2005 2005 342188 283646 0 0 1540000 1540000 283646 0
44 5 29 2005 2005 367329 283646 0 0 1540000 1540000 283646 106909
45 6 5 2005 2005 392471 390555 0 0 1540000 1540000 390555 27057
46 6 12 2005 2005 417612 497464 0 0 1540000 1540000 417612 25141
47 6 19 2005 2005 442753 604373 0 0 1540000 1540000 442753 25141
48 6 26 2005 2005 467894 711282 0 0 1540000 1540000 467894 25141
49 7 3 2005 2005 493035 711282 0 0 1540000 1540000 493035 25141
50 7 10 2005 2005 518176 711282 0 0 1540000 1540000 518176 25142
51 7 17 2005 2005 543318 711282 0 0 1540000 1540000 543318 25141
52 7 24 2005 2005 568459 711282 0 0 1540000 1540000 568459 817000
52 7 31 2005 2005 568459 711282 0 0 1540000 817000 817000 817000
1 8 7 2005 2006 593600 711282 0 0 1540000 1540000 593600 44680
2 8 14 2005 2006 638280 711282 0 0 1540000 1540000 638280 44680
3 8 21 2005 2006 682960 711282 0 0 1540000 1540000 682960 28322
4 8 28 2005 2006 727640 711282 0 0 1540000 1540000 711282 0
5 9 4 2005 2006 772320 711282 0 0 1540000 1540000 711282 26430
6 9 11 2005 2006 817000 737712 0 0 1540000 1540000 737712 26429
7 9 18 2005 2006 817000 764141 0 0 1540000 1540000 764141 26430
8 9 25 2005 2006 817000 790571 0 0 1540000 1540000 790571 26429
9 10 2 2005 2006 817000 817000 0 0 1540000 1540000 817000 0
10 10 9 2005 2006 817000 817000 0 0 1540000 1540000 817000 0
11 10 16 2005 2006 817000 817000 0 0 1540000 1540000 817000 0
12 10 23 2005 2006 817000 817000 0 0 1540000 1540000 817000 0
13 10 30 2005 2006 817000 817000 0 0 1540000 1540000 817000 0
14 11 6 2005 2006 817000 817000 0 0 1540000 1540000 817000 0
15 11 13 2005 2006 817000 817000 0 0 1540000 1540000 817000 0
16 11 20 2005 2006 817000 817000 0 0 1540000 1540000 817000 0
17 11 27 2005 2006 817000 817000 0 0 1540000 1540000 817000 0
18 12 4 2005 2006 817000 817000 0 0 1540000 1540000 817000 0
19 12 11 2005 2006 817000 817000 0 0 1540000 1540000 817000 0
20 12 18 2005 2006 817000 817000 0 0 1540000 1540000 817000 0
21 12 25 2005 2006 817000 817000 0 0 1540000 1540000 817000 0
22 1 1 2006 2006 817000 817000 0 0 1540000 1540000 817000 -6307
23 1 8 2006 2006 816730 810693 0 0 1540000 1540000 810693 -6307
24 1 15 2006 2006 816730 804386 0 0 1540000 1540000 804386 -25201
25 1 22 2006 2006 779185 798078 0 0 1540000 1540000 779185 -37544
26 1 29 2006 2006 741641 791771 0 0 1540000 1540000 741641 -37545
27 2 5 2006 2006 704096 785464 0 0 1540000 1540000 704096 -34096
28 2 12 2006 2006 670000 741828 0 0 1540000 1540000 670000 -43625
29 2 19 2006 2006 626375 698192 0 0 1540000 1540000 626375 -43625
30 2 26 2006 2006 582750 654555 0 0 1540000 1540000 582750 -43625
31 3 5 2006 2006 539125 610919 0 0 1540000 1540000 539125 -43625
32 3 12 2006 2006 495500 529101 0 0 1540000 1540000 495500 -82325
33 3 19 2006 2006 413175 447283 0 0 1540000 1540000 413175 -82325
34 3 26 2006 2006 330850 365464 0 0 1540000 1540000 330850 -82325
35 4 2 2006 2006 248525 283646 0 0 1540000 1540000 248525 -82325
36 4 9 2006 2006 166200 283646 0 0 1540000 1540000 166200 25141
37 4 16 2006 2006 191341 283646 0 0 1540000 1540000 191341 25141
38 4 23 2006 2006 216482 283646 0 0 1540000 1540000 216482 25142
39 4 30 2006 2006 241624 283646 0 0 1540000 1540000 241624 25141
40 5 7 2006 2006 266765 283646 0 0 1540000 1540000 266765 16881
41 5 14 2006 2006 291906 283646 0 0 1540000 1540000 283646 0
42 5 21 2006 2006 317047 283646 0 0 1540000 1540000 283646 0
43 5 28 2006 2006 342188 283646 0 0 1540000 1540000 283646 0
44 6 4 2006 2006 367329 283646 0 0 1540000 1540000 283646 106909
45 6 11 2006 2006 392471 390555 0 0 1540000 1540000 390555 27057
46 6 18 2006 2006 417612 497464 0 0 1540000 1540000 417612 25141
47 6 25 2006 2006 442753 604373 0 0 1540000 1540000 442753 25141
48 7 2 2006 2006 467894 711282 0 0 1540000 1540000 467894 25141
49 7 9 2006 2006 493035 711282 0 0 1540000 1540000 493035 25141
50 7 16 2006 2006 518176 711282 0 0 1540000 1540000 518176 25142
51 7 23 2006 2006 543318 711282 0 0 1540000 1540000 543318 25141
52 7 30 2006 2006 568459 711282 0 0 1540000 1540000 568459 25141
1 8 6 2006 2007 593600 711282 0 0 1540000 1540000 593600 44680
2 8 13 2006 2007 638280 711282 0 0 1540000 1540000 638280 44680
3 8 20 2006 2007 682960 711282 0 0 1540000 1540000 682960 28322
4 8 27 2006 2007 727640 711282 0 0 1540000 1540000 711282 0
5 9 3 2006 2007 772320 711282 0 0 1540000 1540000 711282 26430
6 9 10 2006 2007 817000 737712 0 0 1540000 1540000 737712 26429
7 9 17 2006 2007 817000 764141 0 0 1540000 1540000 764141 26430
8 9 24 2006 2007 817000 790571 0 0 1540000 1540000 790571 26429
9 10 1 2006 2007 817000 817000 0 0 1540000 1540000 817000 0
10 10 8 2006 2007 817000 817000 0 0 1540000 1540000 817000 0
11 10 15 2006 2007 817000 817000 0 0 1540000 1540000 817000 0
12 10 22 2006 2007 817000 817000 0 0 1540000 1540000 817000 0
13 10 29 2006 2007 817000 817000 0 0 1540000 1540000 817000 0
14 11 5 2006 2007 817000 817000 0 0 1540000 1540000 817000 0
15 11 12 2006 2007 817000 817000 0 0 1540000 1540000 817000 0
16 11 19 2006 2007 817000 817000 0 0 1540000 1540000 817000 0
17 11 26 2006 2007 817000 817000 0 0 1540000 1540000 817000 0
18 12 3 2006 2007 817000 817000 0 0 1540000 1540000 817000 0
19 12 10 2006 2007 817000 817000 0 0 1540000 1540000 817000 0
20 12 17 2006 2007 817000 817000 0 0 1540000 1540000 817000 0
21 12 24 2006 2007 817000 817000 0 0 1540000 1540000 817000 0
22 12 31 2006 2007 817000 817000 0 0 1540000 1540000 817000 -6307
23 1 7 2007 2007 816730 810693 0 0 1540000 1540000 810693 -6307
24 1 14 2007 2007 816730 804386 0 0 1540000 1540000 804386 -25201
25 1 21 2007 2007 779185 798078 0 0 1540000 1540000 779185 -37544
26 1 28 2007 2007 741641 791771 0 0 1540000 1540000 741641 -37545
27 2 4 2007 2007 704096 785464 0 0 1540000 1540000 704096 -34096
28 2 11 2007 2007 670000 741828 0 0 1540000 1540000 670000 -43625
29 2 18 2007 2007 626375 698192 0 0 1540000 1540000 626375 -43625
30 2 25 2007 2007 582750 654555 0 0 1540000 1540000 582750 -43625
31 3 4 2007 2007 539125 610919 0 0 1540000 1540000 539125 -43625
32 3 11 2007 2007 495500 529101 0 0 1540000 1540000 495500 -82325
33 3 18 2007 2007 413175 447283 0 0 1540000 1540000 413175 -82325
34 3 25 2007 2007 330850 365464 0 0 1540000 1540000 330850 -82325
35 4 1 2007 2007 248525 283646 0 0 1540000 1540000 248525 -82325
36 4 8 2007 2007 166200 283646 0 0 1540000 1540000 166200 25141
37 4 15 2007 2007 191341 283646 0 0 1540000 1540000 191341 25141
38 4 22 2007 2007 216482 283646 0 0 1540000 1540000 216482 25142
39 4 29 2007 2007 241624 283646 0 0 1540000 1540000 241624 25141
40 5 6 2007 2007 266765 283646 0 0 1540000 1540000 266765 16881
41 5 13 2007 2007 291906 283646 0 0 1540000 1540000 283646 0
42 5 20 2007 2007 317047 283646 0 0 1540000 1540000 283646 0
43 5 27 2007 2007 342188 283646 0 0 1540000 1540000 283646 0
44 6 3 2007 2007 367329 283646 0 0 1540000 1540000 283646 106909
45 6 10 2007 2007 392471 390555 0 0 1540000 1540000 390555 27057
46 6 17 2007 2007 417612 497464 0 0 1540000 1540000 417612 25141
47 6 24 2007 2007 442753 604373 0 0 1540000 1540000 442753 25141
48 7 1 2007 2007 467894 711282 0 0 1540000 1540000 467894 25141
49 7 8 2007 2007 493035 711282 0 0 1540000 1540000 493035 25141
50 7 15 2007 2007 518176 711282 0 0 1540000 1540000 518176 25142
51 7 22 2007 2007 543318 711282 0 0 1540000 1540000 543318 25141
52 7 29 2007 2007 568459 711282 0 0 1540000 1540000 568459 817000
1 8 5 2007 2008 817000 817000 817000 817000 817000 817000 817000 817000
2 8 12 2007 2008 817000 817000 817000 817000 817000 817000 817000 817000
3 8 19 2007 2008 817000 817000 817000 817000 817000 817000 817000 817000
4 8 26 2007 2008 817000 817000 817000 817000 817000 817000 817000 817000
5 9 2 2007 2008 817000 817000 817000 817000 817000 817000 817000 817000
6 9 9 2007 2008 817000 817000 817000 817000 817000 817000 817000 817000
7 9 16 2007 2008 817000 817000 817000 817000 817000 817000 817000 817000
8 9 23 2007 2008 817000 817000 817000 817000 817000 817000 817000 817000
9 9 30 2007 2008 817000 817000 817000 817000 817000 817000 817000 0
