"date" "month" "week" "day" "year" "MICAA" "ARROW" "DUNCA" "CORRA" "LIBBY" "FLASF" "GCOUL" "DWORS" "BROWN" "FLAPO" "ALBEN" "CHELA" "JLAKE" "PALIS" "IPARK" "RIRDM" "AMERI" "MINAD" "BOISE" "PAYHS" "OWYHE" "PELTO"
2006-08-06 8 1 6 2006 20075000 7327300 1424900 817000 5869400 3071500 9107400 3468000 1420000 1792000 1540000 1676000 850000 1401000 135205 100500 1672590 95180 1011000 847192 1120000 558270
2006-08-13 8 2 13 2006 20075000 7327300 1424900 638280 5671467 2960915 8639117 2782067 1420000 1792000 1540000 1661833 836057.189489152 1378018.96761683 132987.190946919 98851.4676984233 1587833.83499863 95180 992783.120040942 800452 1115745.6683169 558270
2006-08-20 8 3 20 2006 20065740.2668005 7327300 1419677.91407514 682960 5572500 2942485 8522046 2667744 1392402 1792000 1540000 1654750 828598.83576642 1365725.845775 131800.830105646 97969.6270523826 1504481.48271527 95180 957068.602516725 784026.089070053 1101584.83911342 558270
2006-08-27 8 4 27 2006 20073116 7321562 1423330 727640 5473533 2924054 8404975 2553422 1392402 1792000 1540000 1647667 815019.376702511 1343343.70207084 129640.817443603 96364.0557160027 1443490.07004465 95180 918565.718589709 765062.461547342 1090061.31860397 558270
2006-09-03 9 5 3 2006 20071231 7315823 1421759 772320 5374567 2905623 8287904 2439100 1392402 1792000 1540000 1640583 799355.722248657 1317526.31396514 127149.282854858 94512.0589246942 1398362.04124064 95180 899999.480079173 756064.861306178 1085340.77688788 558270
2006-09-10 9 6 10 2006 20040487 7239906 1410701 737712 5275600 2887192 8378948 2387014 1336461.32191873 1792000 1482126 1633500 784698.624494393 1293367.96813723 124817.855911487 92779.0726608076 1328871.06730761 95180 892314.948847812 752578.899332533 1084290.65818319 558270
2006-09-17 9 7 17 2006 19905144.8810625 7163989 1325445.93718236 764141 5176633 2868762 8469992 2334849 1252922.64383746 1792000 1424251 1617133 776732.401211393 1280237.75776137 123550.710947984 91837.1839079353 1268474.14477215 95180 886628.930903873 745655.088513037 1079067.44315084 558270
2006-09-24 9 8 24 2006 19757609.0194911 7088071 1246235.84621113 790571 5077667 2801321 8561036 2282683 1169383.96575618 1792000 1366377 1600767 762142.81577639 1256190.68812085 121230.02283182 90112.1799829731 1208204.0750933 95180 863083.142468228 731426.758337287 1067140.30243893 557970
2006-10-01 10 9 1 2006 19593837.3726463 7012154 1154111.03339039 801196.739173087 5087192.35407813 2726227 8652080 2230518 1085845.28767491 1792000 1308502 1584400 746358.998598912 1230175.24357303 118719.374594783 88245.9757166948 1173293.69445359 95180 849964.868584894 722734.353295914 1050000 556282.888294786
2006-10-08 10 10 8 2006 19432167.8791174 6937496 1097629.74271361 817000 5109529.84840387 2724479.29008506 8743124 2223023.19527077 1028375.37023249 1768038.38483284 1199292 1574007 730013.090213562 1203233.34045788 116119.317485088 86313.3124311329 1132978.4920552 95180 831687.60900569 717607.811466081 1047734.06022573 557370
2006-10-15 10 11 15 2006 19275675.546851 6862838 1057246.44466838 817000 5135347.3293048 2722978.34264955 8834168 2219106.71361047 970905.452790061 1746050.3819814 1090082 1563613 723827.449673587 1193037.94940317 115135.400391903 85581.9514025829 1104968.50020544 95180 815047.417637498 708755.71478332 1043670.325434 557070
2006-10-22 10 12 22 2006 19135162.543561 6788181 1024896.27216827 817000 5178342.03825424 2722210.46375592 8925212 2217963.86561843 913435.535347636 1731515.75162395 980873 1553220 718842.468860754 1184821.52808696 114342.46588508 84992.5507300068 1070317.73137845 95180 798713.40698959 701472.061796869 1037267.47098684 556770
2006-10-29 10 13 29 2006 18985942.6407769 6713523 998316.382243947 817000 5202373.70821128 2721325.07633184 8943846 2220010.7935897 855965.617905211 1713077.77388095 871663 1542827 717523.234634697 1182647.11967436 114132.622280922 84836.5706832788 1052479.98566153 95180 790409.9391758 697239.252339626 1034830.46139693 556470
2006-11-05 11 14 5 2006 18823764.3514608 6638865 974573.154043978 817000 5233387.99485609 2723962.15383168 8943846 2232303 798495.700462786 1709104.62000477 762453 1532433 716929.718686703 1181668.86574126 114038.214841218 84766.3961506042 1049671.5722902 95180 711000 696968.795379859 1034530.30492638 556170
2006-11-12 11 15 12 2006 18680391.3371451 6e+06 962596.97290558 817000 5239337.43679723 2711956 8904440 2230568 872759.237904938 1704608.85158979 696602 1522040 718945.428426814 1191999.97480127 118951.2266955 59960 1151167.20940682 95180 711000 703495.060949605 1035182.89290713 555870
2006-11-19 11 16 19 2006 18337732.8102165 6e+06 887383.668117052 817000 5242497.14203332 2653781 8802960 2228832 947021.77534709 1715104.41754866 630751 1511647 720932.5860596 1207096.9956791 124138.527292937 59960 1226180.84098759 95099.546506097 711000 710567.142772873 1035853.57610535 555570
2006-11-26 11 17 26 2006 17991082.3891242 6e+06 817055.781003379 817000 5204442 2595605 8701480 2227097 1021285.31278924 1724693.10496611 564899 1501253 722680.400725592 1218486.82791944 128446.53933399 59960 1301444.5994874 95180 711000 713242.703939427 1036358.56215802 549397.703614091
2006-12-03 12 18 3 2006 17710120.7130197 6e+06 770164.46592462 817000 5047252 2537430 8600000 2225361 1095547.85023139 1736081.63256609 499048 1490860 724916.557283086 1228369.93388644 132822.676721911 59960 1362427.72283976 95180 711000 610000 1037191.23767749 542030.174271787
2006-12-10 12 19 10 2006 17489592.8231004 5521334.90136574 761395.600194977 817000 4740955 2423590 8681305.43907218 2219460 1169811.38767355 1761499.98422359 499048 1480467 727854.543782735 1239708.53544599 135205 59960 1427451.66905743 95180 711000 610000 1040542.38143626 554670
2006-12-17 12 20 17 2006 17189332.033423 5726841.7463612 717105.138211564 817000 4434658 2309751 8698654.21942579 2213560 1244073.9251157 1752171 499048 1470073 730741.882018984 1250447.63679673 135205 59960 1502870.61237111 95180 711000 610000 1046475.6236476 554370
2006-12-24 12 21 24 2006 16892989.8326152 5531246 671447.651222349 817000 4216693.49664957 2195911 8813263.60758631 2207659 1301510 1734518 499048 1459680 733582.681136949 1260752.17219458 135205 59960 1557530.44499342 95180 711000 610000 1048425.77125773 551179
2006-12-31 12 22 31 2006 16644754.8136589 5288260.35063615 643618.001827789 817000 3862647.99887025 2083480 8862127 2201758 1287675 1716865 499048 1449287 736366.699166112 1270850.1805555 135205 59960 1610303.85999412 94016.2495570287 711000 610000 1050000 547988
2007-01-07 1 23 7 2007 16477733.2397117 4977203.52555134 473440.531054304 814537.680530598 3561465.94387266 1896933.49588131 8238205.48609968 2179237.32107367 1360436.2379177 1657718 646001.871865784 1438893 742932.76491541 1295609.47592016 127502.906064127 59960 1672590 95180 377460.891304564 610000 1050000 538023.641019343
2007-01-14 1 24 14 2007 16310287.0134414 4512824 308765.46542033 810120.422391621 3253531.88774532 1733222.44187572 7742072.37088833 2161524.66294495 1315203.60492717 1598571 663761.511119802 1428500 749411.856741059 1320072.8242662 129222.966952911 59960 1672590 95180 343924.57209698 610000 1050000 541606
2007-01-21 1 25 21 2007 16139391.0525384 4185416.98698881 200221.426202877 779185 2945597.83161798 1601098.58051495 7553705.22768195 2147767.21987248 1251123.07056595 1539424 604284.064571909 1418107 755819.275363553 1344148.09968998 130840.434247247 59960 1672590 95180 322211.031122089 610000 1050000 538415
2007-01-28 1 26 28 2007 15921655.6062434 3706187 154918.342701645 741641 2637663.77549064 1523413.84202213 7450294 2107940 1160891 1480277 499048 1407713 762151.157400582 1367869.87192261 132522.754958229 59960 1672590 95180 288570.196207626 610000 1050000 535225
2007-02-04 2 27 4 2007 15697039.4813722 3302868 151104.437628187 704096 2329729.71936329 1492606.45200306 7450294 2107940 1129195 1421130 499048 1397320 768139.474149852 1390221.58450497 133114.758143977 59960 1672590 95180 247949.09221776 610000 1050000 532034
2007-02-11 2 28 11 2007 15524563.3878394 2241037.80659695 152958.007203626 670000 2063248.32463771 1466674.72370333 7091088 2102386 1117691 1297560 499048 1386927 773840.543915475 1401000 132750.548173814 59960 1672590 95180 228979.192694397 610000 1050000 528843
2007-02-18 2 29 18 2007 15343593.4144246 2324384.85385547 154177.359940084 626375 1796766.92991213 1440351.81942578 6731882 2096833 1106187 1173990 499048 1376533 779457.763232206 1401000 132654.748287481 59960 1672590 95180 218847.431320745 610000 1050000 525652
2007-02-25 2 30 25 2007 15122676.6824536 2328732.80903876 135418.162789983 582750 1530285.53518654 1413646.64807404 6372675 2003000 1045000 1050419 499048 1366140 784958.166217825 1401000 132719.621623398 59960 1672590 95180 203861.799078809 610000 1047721.32766714 522461
2007-03-04 3 31 4 2007 14953388.6084061 1927300 25000 539025 1263804.14046096 1386775.91833694 6013469 1898000 920000 926849 499048 1355747 790005.457595918 1363651.22700993 133144.719469688 60295.7208771838 1672590 95180 183513.847782318 610000 1041548.21291418 519270
2007-03-11 3 32 11 2007 14785641.9713614 1502300 25000 495440.631857812 1095758.92116897 1379779.91781237 6175320.91135666 1790500 857500 838337 612360.531390671 1345353 794726.598559414 1305858.53742145 133109.695318969 60389.3632346534 1672590 95180 148882.282904192 610000 1041715.53436782 528045
2007-03-18 3 33 18 2007 14617926.1943106 1077300 25000 413115.572291911 927713.701876977 1370767.59760906 5934562.56808531 1683000 795000 749825 637090.676601402 1334960 799384.218286925 1254588.38209078 133510.912529983 60656.3296968807 1672590 95180 124605.372613867 610000 1046509.72231804 535530.077955094
2007-03-25 3 34 25 2007 14452079.2429968 652300 25000 330802.103473536 927713.701876977 1367296.79340553 5644271.7041244 1575500 732500 661312 715184.917643556 1324567 769685.794486565 1135302.0969826 133816.69056255 62501.1709511151 1672590 91662.783648799 68689.823961725 610000 1055196.87550706 545595
2007-04-01 4 35 1 2007 14289907.378165 227300 25000 248525 927713.701876977 1379189.4362225 5496153.52145305 1468000 670000 572800 1053230.60669552 1314173 702719.647880495 985426.28426363 135004.785439981 66887.3062762472 1672590 82527.437638624 75841.8323746257 538328.610087915 1070790.88532732 554370
2007-04-08 4 36 8 2007 14191911.3574064 528484.946057761 54515.8370232612 166200 927713.701876977 1413966.41014083 5174856.86052707 1468000 620000 572800 1015398.12367058 1303780 660690.183555393 869277.094962584 133306.635814469 77196.086429881 1672590 95180 227906.909214203 495479.491024567 1086614.77346621 555345
2007-04-15 4 37 15 2007 14079516.5517335 745162.550693583 64938.2563204475 191341 927713.701876977 1449619.82696231 4853560.19960108 1468000 570000 572800 944975 1293387 648046.202658068 771783.087671698 132399.183280458 88947.9012515115 1672590 95180 278751.304070905 466731.942228324 1097507.00319628 556320
2007-04-22 4 38 22 2007 13997332.1707595 956938.930089888 83499.8147034886 216482 927713.701876977 1521023.13077788 4532263.5386751 1731546.68815051 505000 592932 1025405.10984635 1282993 654856.485575564 830970.692074417 134867.076895078 98632.3036475458 1672590 67787.009577107 405401.67841289 458952.629966927 1107449.41862643 557295
2007-04-29 4 39 29 2007 13914323.1074301 1072279.87678292 95065.6977483139 241624 927713.701876977 1512023.13077788 4210966.87774912 1894056.15508782 444700 613064 1014797.94572681 1272600 622084.079049811 771444.992090047 135205 100422.365853331 1672590 95180 465586.404569463 453152.246374258 1114999.30971595 558270
2007-05-06 5 40 6 2007 13907028.1262983 1241159.77600171 111866.138936709 266765 968506.983690604 1534965.87263498 4210966.87774912 1452800 1100514 572800 797600 1289866.84318593 610480.731550286 706535.97345089 133667.097705312 100500 1672590 95180 503780.804288268 461087.21010209 1117509.68061833 558270
2007-05-13 5 41 13 2007 13922775.2815998 1722161 168812.689830483 283646 1168046.44707762 1676119.45760988 4210966.87774912 1595576.55160213 1137486 700957.886659856 832747 1319648.74666817 619868.629549203 739343.118548084 133530.629111312 100500 1672590 86827.447234816 573567.141073697 482652.994048741 1119185.26434508 558270
2007-05-20 5 42 20 2007 14031865.4501702 2232901.95213973 231832.94347927 283646 1434533.76262473 1917127.71635916 5583647.45522228 1887464.08882003 1174458 941073.791647016 867894 1374993.2955813 650379.008515806 843129.793661297 134959.238709844 100500 1672590 64462.16207855 708092.383009301 528317.2828856 1119999.70960409 558270
2007-05-27 5 43 27 2007 14210774.1076939 2980250.09275638 336508.206883524 283646 1863148.72073385 2210744.52573696 5426758 2233714.21372607 1211430 1257295 961474.6 1438360 690583.216772744 961713.199269935 135205 100500 1672590 64904.818782246 782493.565513161 597572.678221078 1120000 558270
2007-06-03 6 44 3 2007 14413978.2730157 3860149.07374635 452401.146944191 332193.262281821 2296093.60700848 2474633.7274359 5595353 2581105.3361637 1347951.64703746 1418353 1358418.87579416 1479800 721315.499135112 1046651.10179259 135205 100175.040967838 1672590 18764.820744667 871716.665586793 677635.4278091 1117523.44407917 558270
2007-06-10 6 45 10 2007 14636659.9536617 4562264.03913451 568752.043598205 392319.540488482 2733397.54510314 2759360.79796018 6404062.96413471 2885669.33633729 1409555.38054367 1511765 1531162.15209711 1512500 701876.391646441 1018444.35551405 131561.289957505 97475.3715563383 1518514.61213514 95180 918058.714035248 745637.859077791 1097524.18711519 558270
2007-06-17 6 46 17 2007 15133993.3405239 5169464.88449343 790180.950370902 417612 3340815.13081559 3036462.59555737 7395884.84570871 3137747.94623116 1420000 1605177 1540000 1545200 660049.382686354 957752.071672572 123721.141294085 91666.5093578095 1369543.56060597 95180 937911.154935448 777362.934773961 1075618.66414188 558270
2007-06-24 6 47 24 2007 15770360.4675888 5855038.09314022 984667.614220397 442753 4099338.49863671 3071500 8228506.6 3341314.42104512 1366815 1698588 1540000 1577900 605189.877140749 878149.232149573 113438.152149685 84047.7167183948 1151559.68913493 95180 964304.366579186 753933.197526587 1050738.12592619 558270
2007-07-01 7 48 1 2007 16299170.1516713 6411437.02491512 1094315.61526299 467894 4797057.62030124 3071500 9107400 3468000 1420000 1792000 1540000 1610600 554485.844377718 804576.112175878 103934.074172787 77006.0289058337 890083.92963772 95180 986402.769205236 737676.006481416 1032878.02439497 558270
2007-07-08 7 49 8 2007 16739767.4191093 6647624.75266806 1214586.13961414 493035 5316958.09220896 3053069 9107400 3353678 1420000 1792000 1540000 1626950 493839.393485685 716576.235946869 92566.3669729704 68583.5553697071 624166.231200242 95180 1011000 724364.705497367 1015400.79000701 558270
2007-07-15 7 50 15 2007 17710822.8062542 6881565.82969593 1327254.61345887 518176 5782462.99159793 3034638 9107400 3239356 1420000 1792000 1540000 1643300 437073.597232745 634207.309639984 81926.0584095449 60700.0203950273 420416.486329051 95180 946709.448786705 702498.900066231 987646.496887649 558270
2007-07-22 7 51 22 2007 18681229.2300313 7155459.18964557 1424900 543318 5869400 3016208 9107400 3125033 1420000 1792000 1540000 1659650 390631.701544876 566818.682403598 73220.8849951275 54250.2507606099 245516.557075332 95180 887191.943864938 676730.664145143 960711.944794099 558270
2007-07-29 7 52 29 2007 19238052.907953 7327300 1424900 568459 5869400 2997777 8873258 3010711 1420000 1792000 1540000 1676000 357418.698022231 518625.586910017 66995.364891007 49637.6866433334 31500.7083191389 95180 854799.2963798 663541.82209368 942873.017188562 552777.191046763
2007-08-05 8 1 5 2007 19534598.8190714 7327300 1424900 593600 5770433 2979346 8756187 2896389 1392402 1792000 1540000 1668917 317472.80029637 460662.853658067 59507.8159495232 44090.0698986729 0 95180 814766.819456736 645672.075545736 922274.060472997 558270
2007-08-12 8 2 12 2007 19787308.9630759 7221921 1386299 638280 5671467 2960915 8639117 2782067 1392402 1792000 1540000 1661833 285362.516814988 414069.839054944 53488.9921708773 39630.6496212863 0 95180 776628.884518756 627324.715497518 902227.137494769 558270
2007-08-19 8 3 19 2007 19984835.9653847 7327300 1424900 682960 5572500 2942485 8522046 2667744 1357877.25688893 1792000 1540000 1654750 263325.378168228 382093.269200778 49358.3013229644 36570.1701647932 0 95180 751542.533368206 611995.709854266 891321.604938833 558270
2007-08-26 8 4 26 2007 20073116 7321562 1423330 711282 5473533 2924054 8404975 2553422 1392402 1792000 1540000 1647667 254459.527528524 369228.645674039 47696.4663323417 35338.896260223 0 95180 735398.116723828 604319.323889946 886505.682970699 558270
2007-09-02 9 5 2 2007 20071231 7315823 1421759 711282 5374567 2905623 8287904 2439100 1392402 1792000 1540000 1640583 241415.096855583 350300.773262505 45251.3888991661 33527.3084340486 0 95180 704599.207217807 593104.751409912 875726.126243031 558270
2007-09-09 9 6 9 2007 20040487 7239906 1410701 737712 5275600 2887192 8378948 2387014 1335075 1792000 1482126 1633500 225746.86779845 327565.688233208 42314.5007937396 31351.3320553714 0 95180 668265.293990972 578401.423025324 863775.645726724 558270
2007-09-16 9 7 16 2007 19923867.0387303 7163989 1328910.5066313 764141 5176633 2868762 8469992 2334849 1250150 1792000 1424251 1617133 212544.014556898 308407.939774115 39839.7282778789 29517.7427786255 0 95180 635591.836994143 556574.815447048 854468.820714043 558270
2007-09-23 9 8 23 2007 19862921.1105415 7088071 1270942.96782049 790571 5077667 2801321 8561036 2282683 1165225 1792000 1366377 1600767 202361.988322351 293633.504745826 37931.1863725786 28103.680698434 0 95180 632153.889740912 552782.898957721 852702.756717659 557970
2007-09-30 9 9 30 2007 19786754.7259608 7012154 1209861.33903019 817000 5098618.20821712 2726227 8652080 2230518 1080300 1792000 1308502 1584400 195676.434176279 283932.558874746 36678.0310620334 27175.2025757837 0 95180 620635.073865838 550509.286335417 848885.401373238 557670
2007-10-07 10 10 7 2007 19681211.2735095 6937496 1160638.89524832 817000 5160818.56510892 2730446.47963061 8743124 2230875 1021140 1790694.35317266 1199292 1574007 188217.832608168 273109.89728151 35279.9740034709 26139.3649727596 0 95180 604816.109370017 538571.990858908 840678.121357424 557370
2007-10-14 10 11 14 2007 19587602.9386348 6862838 1123322.26461249 817000 5184385.38916376 2730913.19706981 8834168 2225914.53632473 961980 1768545.95409135 1090082 1563613 177848.056600419 258063.031524617 33336.2398582753 24699.228530871 0 95180 592287.197097308 534106.622912596 834353.280882633 557070
2007-10-21 10 12 21 2007 19487524.2717717 6788181 1085964.57460508 817000 5198934.33037897 2730472.94569402 8925212 2220056.37926981 902820 1743029.0722209 980873 1553220 170198.273749747 246962.959976549 31902.3473499828 23636.8400041029 0 95180 580062.099988515 526546.19138388 829501.889293436 556770
2007-10-28 10 13 28 2007 19329076.6997204 6713523 1040844.88800948 817000 5209322.64424855 2729493.64027746 8943846 2213600.39150625 843660 1716125.38395165 871663 1542827 167221.357957701 242643.363076961 31344.3475563472 23223.4111206482 0 95180 572757.234158524 521855.19866876 827871.048088616 556470
2007-11-04 11 14 4 2007 19175656.6163836 6638865 1032133.1481788 817000 5275258.11400064 2754938.6113523 8943846 2232303 784500 1766752.1350828 762453 1532433 165652.676729027 240367.158089931 31050.3104175678 23005.5554021223 0 95180 570622.149588421 520630.721677675 827781.009010318 556170
2007-11-11 11 15 11 2007 19198604.1338854 6e+06 1079269.48927564 817000 5419482.84009827 2711956 8904440 2230568 860513 1790869 696602 1522040 180639.049519193 292342.197558083 43152.599504994 23318.6993185954 85410.2153419583 95180 587000.405675743 543099.739167355 827949.445033112 555870
2007-11-18 11 16 18 2007 19098285.7732215 6088669.13730754 1078853.30846094 817000 5361632 2653781 8883684.18910888 2228832 881250.790350317 1789739 630751 1511647 190661.521270069 329685.827478668 52155.9356260682 23381.0351941474 156287.590672521 95180 596522.240544079 549522.162462056 827973.723342491 549603.843045211
2007-11-25 11 17 25 2007 19028891.6719524 6e+06 1092525.39691615 817000 5204442 2595605 8701480 2227097 939996.750843155 1788608 564899 1501253 200082.131012304 379137.352046189 62591.959769011 23992.4177931945 238527.717119391 95180 614566.641034908 565868.634863081 828205.540741768 555270
2007-12-02 12 18 2 2007 18849975.7279124 6e+06 1068648.45195079 817000 5047252 2537430 8600000 2225361 1019118.64050445 1787477 499048 1490860 207184.352417603 421335.662180565 71210.7735532228 24649.0681188529 320560.754161208 95180 627351.683884404 576463.166113735 828327.997260852 554970
2007-12-09 12 19 9 2007 18699298.5670688 5058323.39643135 1042470 817000 4740955 2423590 8646283.82731057 2219460 1112955.09040334 1769824 499048 1480467 214375.257033292 448828.664691478 78822.3604120236 24896.5476885695 380938.492769314 95180 637733.210769218 585780.007866596 828354.82250774 554670
2007-12-16 12 20 16 2007 18444192 4e+06 971809 817000 4434658 2309751 8657143 2213560 1167579.804693 1752171 499048 1470073 221534.152986851 475398.246566798 86365.7843048273 25297.2011557514 437926.336476723 95180 648602.827940745 595429.261824396 828383.169146519 554370
2007-12-23 12 21 23 2007 17911056.967154 4e+06 869142.901720547 817000 4220961.55913122 2195911 8685714 2207659 1233626.67407403 1734518 499048 1459680 228687.846587864 501902.962551645 93866.1126037996 25808.9882951475 494319.347145869 95180 658981.35359044 604105.893030227 828412.940211431 551179
2007-12-30 12 22 30 2007 17445191.2345322 4e+06 777365.398727232 817000 3859486.84793558 2083480 8714286 2201758 1285258.43097203 1716865 499048 1449287 235791.934658256 528253.676858354 101319.454507409 26202.8628066087 550592.967903822 95180 669420.872835825 610000 828438.056716836 547988
2008-01-06 1 23 6 2008 16792628.7277922 4727575.78669994 731373.973565161 815497.194552158 3418688.70533533 1991755.24637287 8242380.88143787 2205099.00921853 1386505.55203571 1657718 608741.382229079 1438893 244324.924183947 557832.758870393 108202.287638079 26594.0884328 611729.725730157 95180 318546.362669233 610000 828470.269416132 544797
2008-01-13 1 24 13 2008 16152193.5322746 4512824 678586.004906493 813586.483469346 3117379.02205043 1891466.4665588 7823707.21581836 2191754.8348233 1370058.88569731 1598571 679616.747880633 1428500 252932.931940593 588269.405222018 114963.178550691 27002.4407097337 683632.77995804 95180 281130.818198273 610000 828518.265662715 540506.768471428
2008-01-20 1 25 20 2008 15553101.9838329 4109505 627016.276382985 779185 2828272.86010925 1784072.97303657 7501905.50929281 2171086.4311776 1346406.0709861 1539424 707189.501851749 1418107 261397.352108813 618574.50258641 118750 27452.1598736584 766713.651664877 95180 243994.669366501 610000 828651.683808752 537988.108764012
2008-01-27 1 26 27 2008 14938783.2781023 3706187 539348.910103149 741641 2558844.21109494 1653134.7920409 7450294 2140960.67227084 1277184.62692035 1480277 647976.15490689 1407713 269723.53760094 647731.088238267 118100 27830.201514942 846237.047406257 95180 213640.655815997 610000 829061.049718769 535225
2008-02-03 2 27 3 2008 14530556.6520123 3302868 435764.853805148 704096 2309400 1526958.83163176 7450294 2107940 1129195 1421130 499048 1397320 277583.104761206 677258.63290258 117900 28304.0820907304 904970.675173999 95180 169699.655673552 610000 830214.129254588 518817.068984117
2008-02-10 2 28 10 2008 14389435 3166548.19730792 327666.421676168 670000 2039400 1502904.17171897 7091088 2102386 1117691 1297560 499048 1386927 284848.196553116 707385.771697393 117600 28558.0057885007 952192.699667426 90899.4943585992 152690.803948295 610000 833483.545372711 491797.497675873
2008-02-17 2 29 17 2008 14224064.6213648 3058180.18560795 229825.742330554 626375 1769400 1478256.49057093 6731882 2096833 1106187 1173990 499048 1376533 292007.573613117 737226.415675262 117400 28700.2449766024 998738.428912025 86001.9698780112 146547.492773559 610000 837186.263547727 465300.09406349
2008-02-24 2 30 24 2008 14074591.4135368 2677300 136011 582750 1499400 1459078.24649129 6372675 2003000 1045000 1050419 499048 1366140 299066.347217772 767338.221474304 116900 29141.7534359727 1092901.96114 95180 177423.487348475 610000 856464.659003874 510477.970944284
2008-03-02 3 31 2 2008 13925877.9548176 1927300 25000 539094.183832187 1229400 1458792.95930002 7198923.08537704 1898000 920000 926849 776751.439904999 1355747 305002.544277858 792292.427531546 116250 29956.0620383472 1204952.05278973 95180 194880.218337011 610000 912610.898799908 519270
2008-03-09 3 32 9 2008 13779817.6792662 1502300 25000 495500 1059400 1465130.60220028 7124114.43745241 1833025.20650461 857500 838337 1086231.58917678 1345353 308329.461843425 803306.084467735 115500 30912.8892906967 1273234.83155916 95180 170035.884763859 610000 926418.696009463 528045
2008-03-16 3 33 16 2008 13632997.1356202 1077300 25000 413175 889900 1469346.68517512 6521275.5998796 1768050.41300923 795000 749825 1200118.06351833 1334960 313203.862817349 744000 114500 34586.4690737426 1389676.92601745 95105.5776979272 144582.318173056 610000 924034.837358663 536820
2008-03-23 3 34 23 2008 13487056.3226253 652300 25000 335020.710598007 885729.289401993 1483278.89115533 5918436.76230679 1703075.61951384 732500 661312 1130014.84043687 1324567 335543.704454174 685783.671961329 113750 42408.8648028406 1672590 87648.7976301012 143828.690664498 610000 964030.962355641 545595
2008-03-30 3 35 30 2008 13357584 227300 25000 248525 889900 1508776.25738878 5315597.92473398 1638100.82601846 670000 572800 1061608.15420032 1314173 342363.622575114 586413.079922928 112500 46133.193097731 1672590 95180 208650.440064553 535563.022604504 1002661.59508455 554370
2008-04-06 4 36 6 2008 13333255.8786954 523974.078262687 45867.3856579694 166200 889900 1523486.95767781 4992550.87171289 1653435.93882877 620000 572800 964521.82116991 1303780 344454.945885182 446107.724620988 112500 52613.0275816507 1672590 95180 244908.295112634 483119.97064677 1023737.3446407 555345
2008-04-13 4 37 13 2008 13353089.0307958 849995.924558976 76291.9557479858 191341 889900 1565163.96018227 4669503.81869181 1668771.05163908 570000 572800 944975 1293387 351425.65128898 365207.832126523 112828.549805808 63936.7624951542 1672590 95180 259775.417150522 446726.010201756 1046188.02164074 556320
2008-04-20 4 38 20 2008 13424967.8400699 1151101 109498.918851508 216482 889900 1625352.18662671 4346456.76567072 2010079.22877204 505000 592932 993134.174306431 1282993 370623.321552284 380738.5210365 114779.286587886 83086.7987873981 1672590 95180 354374.168632405 431243.968623252 1067405.75376645 557295
2008-04-27 4 39 27 2008 13558353.519526 1475540.91171897 171495.408858344 241624 889900 1814250.77726573 4023409.71264963 2447199.59172917 444700 613064 1107650.01453526 1272600 457353.964839551 406924.048386068 118320.777007162 91738.1276206154 1672590 78518.8519562381 494716.933110138 448706.857918487 1094529.91912722 558270
2008-05-04 5 40 4 2008 13736973.2651541 1951579.26334396 216862.036478165 266765 1129542.00523593 1965829.02712678 4023409.71264963 2739142.73537859 1404654.96488287 774122 1067949.47115395 1314040 498548.886670183 364991.145648319 120184.723836288 95443.203239885 1672590 95180 562645.406138784 476813.33923385 1108573.11537357 558270
2008-05-11 5 41 11 2008 13965919.5791495 2400769.95418631 292113.521005198 291685.113925925 1462814.35667442 2099654.8344231 4023409.71264963 2937470.70952296 1412445.10795023 849491.082613629 1169662.76090549 1355480 513714.292835581 414485.737073861 120857.320350052 98937.6818680475 1672590 95180 634627.176673142 507276.80479331 1112750.48263086 558270
2008-05-18 5 42 18 2008 14481687.6655417 3193665.71596661 419793.180459201 286430.635288564 2083274.91666598 2347398.67369901 5258163 3101943.85477644 1194928.79183331 1096237 918920.497061925 1396920 551847.26057165 536912.592345066 127947.115683078 100500 1672590 60211.282998713 768399.523790293 584483.757234478 1119765.1787753 558270
2008-05-25 5 43 25 2008 14931660.0553008 3874026.73529557 510454.664602026 334447.799629848 2823396.08623049 2595351.11727147 5426758 3232628.10630595 1282993.61363515 1257295 1489376.48488093 1438360 632094.997891353 788269.096021889 134509.904017055 100500 1672590 66578.6683245329 822348.174430574 644635.241520478 1120000 558270
2008-06-01 6 44 1 2008 15494858.2264995 4533998.75294923 624321.527535028 349648.462602243 3584081.39000257 2812926.84577934 6683487.20585331 3339604.20223814 1383744.78859051 1418353 1509513.16562727 1479800 697456.510062061 974005.728132757 135205 99724.2841741494 1672590 90764.5541096779 898914.583362077 711050.874915289 1120000 558270
2008-06-08 6 45 8 2008 16097985.3685637 5241820.27079223 711333.089674243 392471 4218952.89602392 3069374.93316121 8384054.1697493 3468000 1420000 1511765 1540000 1512500 680972.409414685 950985.499312708 132009.484873429 97367.3413202244 1557185.89442438 95180 922593.52792455 753316.736013359 1111861.11673366 558270
2008-06-15 6 46 15 2008 16708041.1376588 5631843.94796561 809458.202237096 417612 4758277.42003178 3071500 8571529.1969422 3468000 1420000 1605177 1540000 1545200 628063.723921612 877097.935006166 121752.904400112 89802.3093630026 1375896.07562754 95180 939461.486780251 779545.399713656 1085077.90539782 558270
2008-06-22 6 47 22 2008 17395776.9689404 6169035.94901679 908719.970321871 442753 5275996 3057914.42348922 9088379 3409204.61444826 1366815 1698588 1507965.32768648 1577900 575151.558847318 803205.511425972 111495.64939473 82236.7798855174 1150145.76809978 95180 965089.152092367 754065.026025587 1052794.2345798 558270
2008-06-29 6 48 29 2008 17947936.1213975 6594005.08098975 988656.268652158 467894 5743053 3071500 9107400 3468000 1420000 1765127.02075552 1540000 1610600 523491.380682487 731061.501408163 101481.097536644 74850.2630009904 832045.268707444 95180 989457.310248784 740023.895545867 1031299.83363177 558270
2008-07-06 7 49 6 2008 18750477.0522763 7036170.65876832 1129871.33706852 493035 5869400 3053069 9107400 3353678 1420000 1792000 1540000 1626950 454160.306843232 634239.890192547 88040.9651367012 64937.1119874174 574535.385624852 95180 1011000 712184.527512579 1000074.11172556 558270
2008-07-13 7 50 13 2008 19307477.5334724 7255512 1209459.94649958 518176 5869400 3034638 9107400 3239356 1420000 1792000 1540000 1643300 384044.762525631 536322.757279969 74448.7596978019 54911.7951889099 306133.833160424 95180 925201.368508109 682618.67234527 966009.782740451 558270
2008-07-20 7 51 20 2008 19841995.1919977 7291406 1320026.78370713 543318 5869400 3016208 8990329 3125033 1420000 1792000 1540000 1659650 343129.895941385 479184.693696194 66517.2335643218 49061.6730331474 44278.5518674848 95180 860947.433539855 651220.775893686 942538.184644994 558270
2008-07-27 7 52 27 2008 20075000 7327300 1417494.47607597 568459 5869400 2997777 8873258 3010711 1420000 1792000 1540000 1676000 307322.616194167 429179.431605317 59575.8355152998 43941.8479408316 0 95180 822133.662546181 635991.47117476 921973.788115672 555391.988834342
2008-08-03 8 1 3 2008 20075000 7327300 1424900 593600 5770433 2979346 8756187 2896389 1392402 1792000 1540000 1668917 277553.667096202 387606.765032414 53804.9943162803 39685.4002676324 0 95180 784711.329421406 617333.940830502 901747.237108216 558270
2008-08-10 8 2 10 2008 19967186.4943411 7282417.71952986 1409474.44185574 638280 5671467 2960915 8639117 2782067 1392402 1792000 1540000 1661833 251112.432954713 350681.289191035 48679.2452401382 35904.7585940657 0 95180 746561.083496804 601329.508366917 887945.033489544 558270
2008-08-17 8 3 17 2008 20053556.3055071 7327300 1412804.94901227 682960 5572500 2942485 8522046 2667744 1392402 1792000 1540000 1654750 240119.281815028 335329.232072334 46548.1747312274 34332.9270713722 0 95180 726156.945249744 594677.474396125 878415.967904339 558270
2008-08-24 8 4 24 2008 20058616.0645734 7321562 1414223.78590436 726990.599659184 5473533 2924054 8404975 2553422 1392402 1792000 1540000 1647667 224736.928244276 313847.605226895 43566.2381021629 32133.5150985448 0 95180 686435.352469327 575454.535211432 864591.334007579 558270
2008-08-31 8 5 31 2008 20002712.1640937 7315823 1372558.41422361 758549.498677706 5374567 2905623 8287904 2439100 1392402 1792000 1540000 1640583 205473.266267175 286945.688276058 39831.8928346964 29379.1427849675 0 95180 646656.098394929 554983.741871687 856301.922311502 558270
2008-09-07 9 6 7 2008 19854405.8770554 7239906 1259579.97499167 737712 5275600 2887192 8378948 2387014 1381394 1792000 1482126 1633500 192450.757917698 268759.611375122 37307.4225401481 27517.1480877097 0 95180 642572.724085673 551365.180699055 853869.764560093 558270
2008-09-14 9 7 14 2008 19750611.8633171 7163989 1176996.57354954 764141 5176633 2868762 8469992 2334849 1358200 1792000 1424251 1617133 183084.299992805 255679.249317353 35491.6936373919 26177.9057144123 0 95180 624830.020305073 539146.774879487 842559.220207258 558270
2008-09-21 9 8 21 2008 19794698.5966721 7088071 1166916.18662029 790571 5077667 2801321 8561036 2282683 1327300 1792000 1366377 1600767 172844.469998222 241379.213507317 33506.6577327239 24713.7861577909 0 95180 605788.974550328 529525.314805383 833734.478690311 557970
2008-09-28 9 9 28 2008 19748343.2626571 7012154 1141987.77883615 817000 5099765.12608006 2726227 8652080 2230518 1296400 1792000 1308502 1584400 165355.50318314 230920.788543965 32054.8887068057 23642.9927189692 0 95180 588270.807766857 518312.029286661 827867.325707645 557670
2008-10-05 10 10 5 2008 19608328.9785639 6937496 1105658.17547682 817000 5128383.52294331 2729309.07733216 8743124 2230875 1286140 1790708.54339481 1199292 1574007 157260.533376026 219616.073701616 30485.643346011 22485.5512759836 0 95180 575603.697123892 515052.811780083 825642.195617009 557370
2008-10-12 10 11 12 2008 19413904.3060623 6862838 1057801.7427868 817000 5133658.95238715 2728518.69867836 8834168 2222653.33813911 1275880 1765940.94348538 1090082 1563613 141413.899416436 201000 27413.7039295797 20219.7551935165 0 95180 568215.504386568 511500.997607395 823884.092052013 552880.45164106
2008-10-19 10 12 19 2008 19185978.9713006 6788181 1006147.77409922 817000 5136256.05907882 2728065.71379499 8925212 2216416.33492955 1265620 1742478.9463723 980873 1553220 132857.185068725 201000 25754.9473667091 19960 0 95180 560732.241373964 508970.244313706 819973.463975164 546298.579017648
2008-10-26 10 13 26 2008 18958135.3814494 6713523 954930.451736782 817000 5133885.28027889 2727145.25643558 8943846 2208490.97500184 1255360 1717139.82280798 871663 1542827 125473.074367735 201000 24323.5051578772 19960 0 95180 550871.035659301 505430.951848311 817249.340657835 535363.818703073
2008-11-02 11 14 2 2008 18808299.1234705 6638865 940929.520651415 817000 5182577.55366604 2741711.80896286 8943846 2232303 1245100 1761527.1778255 762453 1532433 123615.630473492 201000 23963.4315216031 19960 0 95180 548752.85097224 504157.212386234 816344.449118417 556170
