Weeks_final Months Days Years
1 8 6 2006
2 8 13 2006
3 8 20 2006
4 8 27 2006
5 9 3 2006
6 9 10 2006
7 9 17 2006
8 9 24 2006
9 10 1 2006
10 10 8 2006
11 10 15 2006
12 10 22 2006
13 10 29 2006
14 11 5 2006
15 11 12 2006
16 11 19 2006
17 11 26 2006
18 12 3 2006
19 12 10 2006
20 12 17 2006
21 12 24 2006
22 12 31 2006
23 1 7 2007
24 1 14 2007
25 1 21 2007
26 1 28 2007
27 2 4 2007
28 2 11 2007
29 2 18 2007
30 2 25 2007
31 3 4 2007
32 3 11 2007
33 3 18 2007
34 3 25 2007
35 4 1 2007
36 4 8 2007
37 4 15 2007
38 4 22 2007
39 4 29 2007
40 5 6 2007
41 5 13 2007
42 5 20 2007
43 5 27 2007
44 6 3 2007
45 6 10 2007
46 6 17 2007
47 6 24 2007
48 7 1 2007
49 7 8 2007
50 7 15 2007
51 7 22 2007
52 7 29 2007
1 8 5 2007
2 8 12 2007
3 8 19 2007
4 8 26 2007
5 9 2 2007
6 9 9 2007
7 9 16 2007
8 9 23 2007
9 9 30 2007
10 10 7 2007
11 10 14 2007
12 10 21 2007
13 10 28 2007
14 11 4 2007
15 11 11 2007
16 11 18 2007
17 11 25 2007
18 12 2 2007
19 12 9 2007
20 12 16 2007
21 12 23 2007
22 12 30 2007
23 1 6 2008
24 1 13 2008
25 1 20 2008
26 1 27 2008
27 2 3 2008
28 2 10 2008
29 2 17 2008
30 2 24 2008
31 3 2 2008
32 3 9 2008
33 3 16 2008
34 3 23 2008
35 3 30 2008
36 4 6 2008
37 4 13 2008
38 4 20 2008
39 4 27 2008
40 5 4 2008
41 5 11 2008
42 5 18 2008
43 5 25 2008
44 6 1 2008
45 6 8 2008
46 6 15 2008
47 6 22 2008
48 6 29 2008
49 7 6 2008
50 7 13 2008
51 7 20 2008
52 7 27 2008
1 8 3 2008
2 8 10 2008
3 8 17 2008
4 8 24 2008
5 8 31 2008
6 9 7 2008
7 9 14 2008
8 9 21 2008
9 9 28 2008
10 10 5 2008
11 10 12 2008
12 10 19 2008
13 10 26 2008
14 11 2 2008
15 11 9 2008
16 11 16 2008
17 11 23 2008
18 11 30 2008
19 12 7 2008
20 12 14 2008
21 12 21 2008
22 12 28 2008
23 1 4 2009
24 1 11 2009
25 1 18 2009
26 1 25 2009
27 2 1 2009
28 2 8 2009
29 2 15 2009
30 2 22 2009
31 3 1 2009
32 3 8 2009
33 3 15 2009
34 3 22 2009
35 3 29 2009
36 4 5 2009
37 4 12 2009
38 4 19 2009
39 4 26 2009
40 5 3 2009
41 5 10 2009
42 5 17 2009
43 5 24 2009
44 5 31 2009
45 6 7 2009
46 6 14 2009
47 6 21 2009
48 6 28 2009
49 7 5 2009
50 7 12 2009
51 7 19 2009
52 7 26 2009
1 8 2 2009
2 8 9 2009
3 8 16 2009
4 8 23 2009
5 8 30 2009
6 9 6 2009
7 9 13 2009
8 9 20 2009
9 9 27 2009
10 10 4 2009
11 10 11 2009
12 10 18 2009
13 10 25 2009
14 11 1 2009
15 11 8 2009
16 11 15 2009
17 11 22 2009
18 11 29 2009
19 12 6 2009
20 12 13 2009
21 12 20 2009
22 12 27 2009
23 1 3 2010
24 1 10 2010
25 1 17 2010
26 1 24 2010
27 1 31 2010
28 2 7 2010
29 2 14 2010
30 2 21 2010
31 2 28 2010
32 3 7 2010
33 3 14 2010
34 3 21 2010
35 3 28 2010
36 4 4 2010
37 4 11 2010
38 4 18 2010
39 4 25 2010
40 5 2 2010
41 5 9 2010
42 5 16 2010
43 5 23 2010
44 5 30 2010
45 6 6 2010
46 6 13 2010
47 6 20 2010
48 6 27 2010
49 7 4 2010
50 7 11 2010
51 7 18 2010
52 7 25 2010
1 8 1 2010
2 8 8 2010
3 8 15 2010
4 8 22 2010
5 8 29 2010
6 9 5 2010
7 9 12 2010
8 9 19 2010
9 9 26 2010
10 10 3 2010
11 10 10 2010
12 10 17 2010
13 10 24 2010
14 10 31 2010
15 11 7 2010
16 11 14 2010
17 11 21 2010
18 11 28 2010
19 12 5 2010
20 12 12 2010
21 12 19 2010
22 12 26 2010
23 1 2 2011
24 1 9 2011
25 1 16 2011
26 1 23 2011
27 1 30 2011
28 2 6 2011
29 2 13 2011
30 2 20 2011
31 2 27 2011
32 3 6 2011
33 3 13 2011
34 3 20 2011
35 3 27 2011
36 4 3 2011
37 4 10 2011
38 4 17 2011
39 4 24 2011
40 5 1 2011
41 5 8 2011
42 5 15 2011
43 5 22 2011
44 5 29 2011
45 6 5 2011
46 6 12 2011
47 6 19 2011
48 6 26 2011
49 7 3 2011
50 7 10 2011
51 7 17 2011
52 7 24 2011
52 7 31 2011
1 8 7 2011
2 8 14 2011
3 8 21 2011
4 8 28 2011
5 9 4 2011
6 9 11 2011
7 9 18 2011
8 9 25 2011
9 10 2 2011
10 10 9 2011
11 10 16 2011
12 10 23 2011
13 10 30 2011
14 11 6 2011
15 11 13 2011
16 11 20 2011
17 11 27 2011
18 12 4 2011
19 12 11 2011
20 12 18 2011
21 12 25 2011
22 1 1 2012
23 1 8 2012
24 1 15 2012
25 1 22 2012
26 1 29 2012
27 2 5 2012
28 2 12 2012
29 2 19 2012
30 2 26 2012
31 3 4 2012
32 3 11 2012
33 3 18 2012
34 3 25 2012
35 4 1 2012
36 4 8 2012
37 4 15 2012
38 4 22 2012
39 4 29 2012
40 5 6 2012
41 5 13 2012
42 5 20 2012
43 5 27 2012
44 6 3 2012
45 6 10 2012
46 6 17 2012
47 6 24 2012
48 7 1 2012
49 7 8 2012
50 7 15 2012
51 7 22 2012
52 7 29 2012
1 8 5 2012
2 8 12 2012
3 8 19 2012
4 8 26 2012
5 9 2 2012
6 9 9 2012
7 9 16 2012
8 9 23 2012
9 9 30 2012
10 10 7 2012
11 10 14 2012
12 10 21 2012
13 10 28 2012
14 11 4 2012
15 11 11 2012
16 11 18 2012
17 11 25 2012
18 12 2 2012
19 12 9 2012
20 12 16 2012
21 12 23 2012
22 12 30 2012
23 1 6 2013
24 1 13 2013
25 1 20 2013
26 1 27 2013
27 2 3 2013
28 2 10 2013
29 2 17 2013
30 2 24 2013
31 3 3 2013
32 3 10 2013
33 3 17 2013
34 3 24 2013
35 3 31 2013
36 4 7 2013
37 4 14 2013
38 4 21 2013
39 4 28 2013
40 5 5 2013
41 5 12 2013
42 5 19 2013
43 5 26 2013
44 6 2 2013
45 6 9 2013
46 6 16 2013
47 6 23 2013
48 6 30 2013
49 7 7 2013
50 7 14 2013
51 7 21 2013
52 7 28 2013
1 8 4 2013
2 8 11 2013
3 8 18 2013
4 8 25 2013
5 9 1 2013
6 9 8 2013
7 9 15 2013
8 9 22 2013
9 9 29 2013
10 10 6 2013
11 10 13 2013
12 10 20 2013
13 10 27 2013
14 11 3 2013
15 11 10 2013
16 11 17 2013
17 11 24 2013
18 12 1 2013
19 12 8 2013
20 12 15 2013
21 12 22 2013
22 12 29 2013
23 1 5 2014
24 1 12 2014
25 1 19 2014
26 1 26 2014
27 2 2 2014
28 2 9 2014
29 2 16 2014
30 2 23 2014
31 3 2 2014
32 3 9 2014
33 3 16 2014
34 3 23 2014
35 3 30 2014
36 4 6 2014
37 4 13 2014
38 4 20 2014
39 4 27 2014
40 5 4 2014
41 5 11 2014
42 5 18 2014
43 5 25 2014
44 6 1 2014
45 6 8 2014
46 6 15 2014
47 6 22 2014
48 6 29 2014
49 7 6 2014
50 7 13 2014
51 7 20 2014
52 7 27 2014
1 8 3 2014
2 8 10 2014
3 8 17 2014
4 8 24 2014
5 8 31 2014
6 9 7 2014
7 9 14 2014
8 9 21 2014
9 9 28 2014
10 10 5 2014
11 10 12 2014
12 10 19 2014
13 10 26 2014
14 11 2 2014
15 11 9 2014
16 11 16 2014
17 11 23 2014
18 11 30 2014
19 12 7 2014
20 12 14 2014
21 12 21 2014
22 12 28 2014
23 1 4 2015
24 1 11 2015
25 1 18 2015
26 1 25 2015
27 2 1 2015
28 2 8 2015
29 2 15 2015
30 2 22 2015
31 3 1 2015
32 3 8 2015
33 3 15 2015
34 3 22 2015
35 3 29 2015
36 4 5 2015
37 4 12 2015
38 4 19 2015
39 4 26 2015
40 5 3 2015
41 5 10 2015
42 5 17 2015
43 5 24 2015
44 5 31 2015
45 6 7 2015
46 6 14 2015
47 6 21 2015
48 6 28 2015
49 7 5 2015
50 7 12 2015
51 7 19 2015
52 7 26 2015
1 8 2 2015
2 8 9 2015
3 8 16 2015
4 8 23 2015
5 8 30 2015
6 9 6 2015
7 9 13 2015
8 9 20 2015
9 9 27 2015
10 10 4 2015
11 10 11 2015
12 10 18 2015
13 10 25 2015
14 11 1 2015
15 11 8 2015
16 11 15 2015
17 11 22 2015
18 11 29 2015
19 12 6 2015
20 12 13 2015
21 12 20 2015
22 12 27 2015
23 1 3 2016
24 1 10 2016
25 1 17 2016
26 1 24 2016
27 1 31 2016
28 2 7 2016
29 2 14 2016
30 2 21 2016
31 2 28 2016
32 3 6 2016
33 3 13 2016
34 3 20 2016
35 3 27 2016
36 4 3 2016
37 4 10 2016
38 4 17 2016
39 4 24 2016
40 5 1 2016
41 5 8 2016
42 5 15 2016
43 5 22 2016
44 5 29 2016
45 6 5 2016
46 6 12 2016
47 6 19 2016
48 6 26 2016
49 7 3 2016
50 7 10 2016
51 7 17 2016
52 7 24 2016
52 7 31 2016
1 8 7 2016
2 8 14 2016
3 8 21 2016
4 8 28 2016
5 9 4 2016
6 9 11 2016
7 9 18 2016
8 9 25 2016
9 10 2 2016
10 10 9 2016
11 10 16 2016
12 10 23 2016
13 10 30 2016
14 11 6 2016
15 11 13 2016
16 11 20 2016
17 11 27 2016
18 12 4 2016
19 12 11 2016
20 12 18 2016
21 12 25 2016
22 1 1 2017
23 1 8 2017
24 1 15 2017
25 1 22 2017
26 1 29 2017
27 2 5 2017
28 2 12 2017
29 2 19 2017
30 2 26 2017
31 3 5 2017
32 3 12 2017
33 3 19 2017
34 3 26 2017
35 4 2 2017
36 4 9 2017
37 4 16 2017
38 4 23 2017
39 4 30 2017
40 5 7 2017
41 5 14 2017
42 5 21 2017
43 5 28 2017
44 6 4 2017
45 6 11 2017
46 6 18 2017
47 6 25 2017
48 7 2 2017
49 7 9 2017
50 7 16 2017
51 7 23 2017
52 7 30 2017
1 8 6 2017
2 8 13 2017
3 8 20 2017
4 8 27 2017
5 9 3 2017
6 9 10 2017
7 9 17 2017
8 9 24 2017
9 10 1 2017
10 10 8 2017
11 10 15 2017
12 10 22 2017
13 10 29 2017
14 11 5 2017
15 11 12 2017
16 11 19 2017
17 11 26 2017
18 12 3 2017
19 12 10 2017
20 12 17 2017
21 12 24 2017
22 12 31 2017
23 1 7 2018
24 1 14 2018
25 1 21 2018
26 1 28 2018
27 2 4 2018
28 2 11 2018
29 2 18 2018
30 2 25 2018
31 3 4 2018
32 3 11 2018
33 3 18 2018
34 3 25 2018
35 4 1 2018
36 4 8 2018
37 4 15 2018
38 4 22 2018
39 4 29 2018
40 5 6 2018
41 5 13 2018
42 5 20 2018
43 5 27 2018
44 6 3 2018
45 6 10 2018
46 6 17 2018
47 6 24 2018
48 7 1 2018
49 7 8 2018
50 7 15 2018
51 7 22 2018
52 7 29 2018
1 8 5 2018
2 8 12 2018
3 8 19 2018
4 8 26 2018
5 9 2 2018
6 9 9 2018
7 9 16 2018
8 9 23 2018
9 9 30 2018
10 10 7 2018
11 10 14 2018
12 10 21 2018
13 10 28 2018
14 11 4 2018
15 11 11 2018
16 11 18 2018
17 11 25 2018
18 12 2 2018
19 12 9 2018
20 12 16 2018
21 12 23 2018
22 12 30 2018
23 1 6 2019
24 1 13 2019
25 1 20 2019
26 1 27 2019
27 2 3 2019
28 2 10 2019
29 2 17 2019
30 2 24 2019
31 3 3 2019
32 3 10 2019
33 3 17 2019
34 3 24 2019
35 3 31 2019
36 4 7 2019
37 4 14 2019
38 4 21 2019
39 4 28 2019
40 5 5 2019
41 5 12 2019
42 5 19 2019
43 5 26 2019
44 6 2 2019
45 6 9 2019
46 6 16 2019
47 6 23 2019
48 6 30 2019
49 7 7 2019
50 7 14 2019
51 7 21 2019
52 7 28 2019
1 8 4 2019
2 8 11 2019
3 8 18 2019
4 8 25 2019
5 9 1 2019
6 9 8 2019
7 9 15 2019
8 9 22 2019
9 9 29 2019
10 10 6 2019
11 10 13 2019
12 10 20 2019
13 10 27 2019
14 11 3 2019
15 11 10 2019
16 11 17 2019
17 11 24 2019
18 12 1 2019
19 12 8 2019
20 12 15 2019
21 12 22 2019
22 12 29 2019
23 1 5 2020
24 1 12 2020
25 1 19 2020
26 1 26 2020
27 2 2 2020
28 2 9 2020
29 2 16 2020
30 2 23 2020
31 3 1 2020
32 3 8 2020
33 3 15 2020
34 3 22 2020
35 3 29 2020
36 4 5 2020
37 4 12 2020
38 4 19 2020
39 4 26 2020
40 5 3 2020
41 5 10 2020
42 5 17 2020
43 5 24 2020
44 5 31 2020
45 6 7 2020
46 6 14 2020
47 6 21 2020
48 6 28 2020
49 7 5 2020
50 7 12 2020
51 7 19 2020
52 7 26 2020
1 8 2 2020
2 8 9 2020
3 8 16 2020
4 8 23 2020
5 8 30 2020
6 9 6 2020
7 9 13 2020
8 9 20 2020
9 9 27 2020
10 10 4 2020
11 10 11 2020
12 10 18 2020
13 10 25 2020
14 11 1 2020
15 11 8 2020
16 11 15 2020
17 11 22 2020
18 11 29 2020
19 12 6 2020
20 12 13 2020
21 12 20 2020
22 12 27 2020
23 1 3 2021
24 1 10 2021
25 1 17 2021
26 1 24 2021
27 1 31 2021
28 2 7 2021
29 2 14 2021
30 2 21 2021
31 2 28 2021
32 3 7 2021
33 3 14 2021
34 3 21 2021
35 3 28 2021
36 4 4 2021
37 4 11 2021
38 4 18 2021
39 4 25 2021
40 5 2 2021
41 5 9 2021
42 5 16 2021
43 5 23 2021
44 5 30 2021
45 6 6 2021
46 6 13 2021
47 6 20 2021
48 6 27 2021
49 7 4 2021
50 7 11 2021
51 7 18 2021
52 7 25 2021
1 8 1 2021
2 8 8 2021
3 8 15 2021
4 8 22 2021
5 8 29 2021
6 9 5 2021
7 9 12 2021
8 9 19 2021
9 9 26 2021
10 10 3 2021
11 10 10 2021
12 10 17 2021
13 10 24 2021
14 10 31 2021
15 11 7 2021
16 11 14 2021
17 11 21 2021
18 11 28 2021
19 12 5 2021
20 12 12 2021
21 12 19 2021
22 12 26 2021
23 1 2 2022
24 1 9 2022
25 1 16 2022
26 1 23 2022
27 1 30 2022
28 2 6 2022
29 2 13 2022
30 2 20 2022
31 2 27 2022
32 3 6 2022
33 3 13 2022
34 3 20 2022
35 3 27 2022
36 4 3 2022
37 4 10 2022
38 4 17 2022
39 4 24 2022
40 5 1 2022
41 5 8 2022
42 5 15 2022
43 5 22 2022
44 5 29 2022
45 6 5 2022
46 6 12 2022
47 6 19 2022
48 6 26 2022
49 7 3 2022
50 7 10 2022
51 7 17 2022
52 7 24 2022
52 7 31 2022
1 8 7 2022
2 8 14 2022
3 8 21 2022
4 8 28 2022
5 9 4 2022
6 9 11 2022
7 9 18 2022
8 9 25 2022
9 10 2 2022
10 10 9 2022
11 10 16 2022
12 10 23 2022
13 10 30 2022
14 11 6 2022
15 11 13 2022
16 11 20 2022
17 11 27 2022
18 12 4 2022
19 12 11 2022
20 12 18 2022
21 12 25 2022
22 1 1 2023
23 1 8 2023
24 1 15 2023
25 1 22 2023
26 1 29 2023
27 2 5 2023
28 2 12 2023
29 2 19 2023
30 2 26 2023
31 3 5 2023
32 3 12 2023
33 3 19 2023
34 3 26 2023
35 4 2 2023
36 4 9 2023
37 4 16 2023
38 4 23 2023
39 4 30 2023
40 5 7 2023
41 5 14 2023
42 5 21 2023
43 5 28 2023
44 6 4 2023
45 6 11 2023
46 6 18 2023
47 6 25 2023
48 7 2 2023
49 7 9 2023
50 7 16 2023
51 7 23 2023
52 7 30 2023
1 8 6 2023
2 8 13 2023
3 8 20 2023
4 8 27 2023
5 9 3 2023
6 9 10 2023
7 9 17 2023
8 9 24 2023
9 10 1 2023
10 10 8 2023
11 10 15 2023
12 10 22 2023
13 10 29 2023
14 11 5 2023
15 11 12 2023
16 11 19 2023
17 11 26 2023
18 12 3 2023
19 12 10 2023
20 12 17 2023
21 12 24 2023
22 12 31 2023
23 1 7 2024
24 1 14 2024
25 1 21 2024
26 1 28 2024
27 2 4 2024
28 2 11 2024
29 2 18 2024
30 2 25 2024
31 3 3 2024
32 3 10 2024
33 3 17 2024
34 3 24 2024
35 3 31 2024
36 4 7 2024
37 4 14 2024
38 4 21 2024
39 4 28 2024
40 5 5 2024
41 5 12 2024
42 5 19 2024
43 5 26 2024
44 6 2 2024
45 6 9 2024
46 6 16 2024
47 6 23 2024
48 6 30 2024
49 7 7 2024
50 7 14 2024
51 7 21 2024
52 7 28 2024
1 8 4 2024
2 8 11 2024
3 8 18 2024
4 8 25 2024
5 9 1 2024
6 9 8 2024
7 9 15 2024
8 9 22 2024
9 9 29 2024
10 10 6 2024
11 10 13 2024
12 10 20 2024
13 10 27 2024
14 11 3 2024
15 11 10 2024
16 11 17 2024
17 11 24 2024
18 12 1 2024
19 12 8 2024
20 12 15 2024
21 12 22 2024
22 12 29 2024
23 1 5 2025
24 1 12 2025
25 1 19 2025
26 1 26 2025
27 2 2 2025
28 2 9 2025
29 2 16 2025
30 2 23 2025
31 3 2 2025
32 3 9 2025
33 3 16 2025
34 3 23 2025
35 3 30 2025
36 4 6 2025
37 4 13 2025
38 4 20 2025
39 4 27 2025
40 5 4 2025
41 5 11 2025
42 5 18 2025
43 5 25 2025
44 6 1 2025
45 6 8 2025
46 6 15 2025
47 6 22 2025
48 6 29 2025
49 7 6 2025
50 7 13 2025
51 7 20 2025
52 7 27 2025
1 8 3 2025
2 8 10 2025
3 8 17 2025
4 8 24 2025
5 8 31 2025
6 9 7 2025
7 9 14 2025
8 9 21 2025
9 9 28 2025
10 10 5 2025
11 10 12 2025
12 10 19 2025
13 10 26 2025
14 11 2 2025
15 11 9 2025
16 11 16 2025
17 11 23 2025
18 11 30 2025
19 12 7 2025
20 12 14 2025
21 12 21 2025
22 12 28 2025
23 1 4 2026
24 1 11 2026
25 1 18 2026
26 1 25 2026
27 2 1 2026
28 2 8 2026
29 2 15 2026
30 2 22 2026
31 3 1 2026
32 3 8 2026
33 3 15 2026
34 3 22 2026
35 3 29 2026
36 4 5 2026
37 4 12 2026
38 4 19 2026
39 4 26 2026
40 5 3 2026
41 5 10 2026
42 5 17 2026
43 5 24 2026
44 5 31 2026
45 6 7 2026
46 6 14 2026
47 6 21 2026
48 6 28 2026
49 7 5 2026
50 7 12 2026
51 7 19 2026
52 7 26 2026
1 8 2 2026
2 8 9 2026
3 8 16 2026
4 8 23 2026
5 8 30 2026
6 9 6 2026
7 9 13 2026
8 9 20 2026
9 9 27 2026
10 10 4 2026
11 10 11 2026
12 10 18 2026
13 10 25 2026
14 11 1 2026
15 11 8 2026
16 11 15 2026
17 11 22 2026
18 11 29 2026
19 12 6 2026
20 12 13 2026
21 12 20 2026
22 12 27 2026
23 1 3 2027
24 1 10 2027
25 1 17 2027
26 1 24 2027
27 1 31 2027
28 2 7 2027
29 2 14 2027
30 2 21 2027
31 2 28 2027
32 3 7 2027
33 3 14 2027
34 3 21 2027
35 3 28 2027
36 4 4 2027
37 4 11 2027
38 4 18 2027
39 4 25 2027
40 5 2 2027
41 5 9 2027
42 5 16 2027
43 5 23 2027
44 5 30 2027
45 6 6 2027
46 6 13 2027
47 6 20 2027
48 6 27 2027
49 7 4 2027
50 7 11 2027
51 7 18 2027
52 7 25 2027
1 8 1 2027
2 8 8 2027
3 8 15 2027
4 8 22 2027
5 8 29 2027
6 9 5 2027
7 9 12 2027
8 9 19 2027
9 9 26 2027
10 10 3 2027
11 10 10 2027
12 10 17 2027
13 10 24 2027
14 10 31 2027
15 11 7 2027
16 11 14 2027
17 11 21 2027
18 11 28 2027
19 12 5 2027
20 12 12 2027
21 12 19 2027
22 12 26 2027
23 1 2 2028
24 1 9 2028
25 1 16 2028
26 1 23 2028
27 1 30 2028
28 2 6 2028
29 2 13 2028
30 2 20 2028
31 2 27 2028
32 3 5 2028
33 3 12 2028
34 3 19 2028
35 3 26 2028
36 4 2 2028
37 4 9 2028
38 4 16 2028
39 4 23 2028
40 4 30 2028
41 5 7 2028
42 5 14 2028
43 5 21 2028
44 5 28 2028
45 6 4 2028
46 6 11 2028
47 6 18 2028
48 6 25 2028
49 7 2 2028
50 7 9 2028
51 7 16 2028
52 7 23 2028
52 7 30 2028
1 8 6 2028
2 8 13 2028
3 8 20 2028
4 8 27 2028
5 9 3 2028
6 9 10 2028
7 9 17 2028
8 9 24 2028
9 10 1 2028
10 10 8 2028
11 10 15 2028
12 10 22 2028
13 10 29 2028
14 11 5 2028
15 11 12 2028
16 11 19 2028
17 11 26 2028
18 12 3 2028
19 12 10 2028
20 12 17 2028
21 12 24 2028
22 12 31 2028
23 1 7 2029
24 1 14 2029
25 1 21 2029
26 1 28 2029
27 2 4 2029
28 2 11 2029
29 2 18 2029
30 2 25 2029
31 3 4 2029
32 3 11 2029
33 3 18 2029
34 3 25 2029
35 4 1 2029
36 4 8 2029
37 4 15 2029
38 4 22 2029
39 4 29 2029
40 5 6 2029
41 5 13 2029
42 5 20 2029
43 5 27 2029
44 6 3 2029
45 6 10 2029
46 6 17 2029
47 6 24 2029
48 7 1 2029
49 7 8 2029
50 7 15 2029
51 7 22 2029
52 7 29 2029
1 8 5 2029
2 8 12 2029
3 8 19 2029
4 8 26 2029
5 9 2 2029
6 9 9 2029
7 9 16 2029
8 9 23 2029
9 9 30 2029
10 10 7 2029
11 10 14 2029
12 10 21 2029
13 10 28 2029
14 11 4 2029
15 11 11 2029
16 11 18 2029
17 11 25 2029
18 12 2 2029
19 12 9 2029
20 12 16 2029
21 12 23 2029
22 12 30 2029
23 1 6 2030
24 1 13 2030
25 1 20 2030
26 1 27 2030
27 2 3 2030
28 2 10 2030
29 2 17 2030
30 2 24 2030
31 3 3 2030
32 3 10 2030
33 3 17 2030
34 3 24 2030
35 3 31 2030
36 4 7 2030
37 4 14 2030
38 4 21 2030
39 4 28 2030
40 5 5 2030
41 5 12 2030
42 5 19 2030
43 5 26 2030
44 6 2 2030
45 6 9 2030
46 6 16 2030
47 6 23 2030
48 6 30 2030
49 7 7 2030
50 7 14 2030
51 7 21 2030
52 7 28 2030
1 8 4 2030
2 8 11 2030
3 8 18 2030
4 8 25 2030
5 9 1 2030
6 9 8 2030
7 9 15 2030
8 9 22 2030
9 9 29 2030
10 10 6 2030
11 10 13 2030
12 10 20 2030
13 10 27 2030
14 11 3 2030
15 11 10 2030
16 11 17 2030
17 11 24 2030
18 12 1 2030
19 12 8 2030
20 12 15 2030
21 12 22 2030
22 12 29 2030
23 1 5 2031
24 1 12 2031
25 1 19 2031
26 1 26 2031
27 2 2 2031
28 2 9 2031
29 2 16 2031
30 2 23 2031
31 3 2 2031
32 3 9 2031
33 3 16 2031
34 3 23 2031
35 3 30 2031
36 4 6 2031
37 4 13 2031
38 4 20 2031
39 4 27 2031
40 5 4 2031
41 5 11 2031
42 5 18 2031
43 5 25 2031
44 6 1 2031
45 6 8 2031
46 6 15 2031
47 6 22 2031
48 6 29 2031
49 7 6 2031
50 7 13 2031
51 7 20 2031
52 7 27 2031
1 8 3 2031
2 8 10 2031
3 8 17 2031
4 8 24 2031
5 8 31 2031
6 9 7 2031
7 9 14 2031
8 9 21 2031
9 9 28 2031
10 10 5 2031
11 10 12 2031
12 10 19 2031
13 10 26 2031
14 11 2 2031
15 11 9 2031
16 11 16 2031
17 11 23 2031
18 11 30 2031
19 12 7 2031
20 12 14 2031
21 12 21 2031
22 12 28 2031
23 1 4 2032
24 1 11 2032
25 1 18 2032
26 1 25 2032
27 2 1 2032
28 2 8 2032
29 2 15 2032
30 2 22 2032
31 2 29 2032
32 3 7 2032
33 3 14 2032
34 3 21 2032
35 3 28 2032
36 4 4 2032
37 4 11 2032
38 4 18 2032
39 4 25 2032
40 5 2 2032
41 5 9 2032
42 5 16 2032
43 5 23 2032
44 5 30 2032
45 6 6 2032
46 6 13 2032
47 6 20 2032
48 6 27 2032
49 7 4 2032
50 7 11 2032
51 7 18 2032
52 7 25 2032
1 8 1 2032
2 8 8 2032
3 8 15 2032
4 8 22 2032
5 8 29 2032
6 9 5 2032
7 9 12 2032
8 9 19 2032
9 9 26 2032
10 10 3 2032
11 10 10 2032
12 10 17 2032
13 10 24 2032
14 10 31 2032
15 11 7 2032
16 11 14 2032
17 11 21 2032
18 11 28 2032
19 12 5 2032
20 12 12 2032
21 12 19 2032
22 12 26 2032
23 1 2 2033
24 1 9 2033
25 1 16 2033
26 1 23 2033
27 1 30 2033
28 2 6 2033
29 2 13 2033
30 2 20 2033
31 2 27 2033
32 3 6 2033
33 3 13 2033
34 3 20 2033
35 3 27 2033
36 4 3 2033
37 4 10 2033
38 4 17 2033
39 4 24 2033
40 5 1 2033
41 5 8 2033
42 5 15 2033
43 5 22 2033
44 5 29 2033
45 6 5 2033
46 6 12 2033
47 6 19 2033
48 6 26 2033
49 7 3 2033
50 7 10 2033
51 7 17 2033
52 7 24 2033
52 7 31 2033
1 8 7 2033
2 8 14 2033
3 8 21 2033
4 8 28 2033
5 9 4 2033
6 9 11 2033
7 9 18 2033
8 9 25 2033
9 10 2 2033
10 10 9 2033
11 10 16 2033
12 10 23 2033
13 10 30 2033
14 11 6 2033
15 11 13 2033
16 11 20 2033
17 11 27 2033
18 12 4 2033
19 12 11 2033
20 12 18 2033
21 12 25 2033
22 1 1 2034
23 1 8 2034
24 1 15 2034
25 1 22 2034
26 1 29 2034
27 2 5 2034
28 2 12 2034
29 2 19 2034
30 2 26 2034
31 3 5 2034
32 3 12 2034
33 3 19 2034
34 3 26 2034
35 4 2 2034
36 4 9 2034
37 4 16 2034
38 4 23 2034
39 4 30 2034
40 5 7 2034
41 5 14 2034
42 5 21 2034
43 5 28 2034
44 6 4 2034
45 6 11 2034
46 6 18 2034
47 6 25 2034
48 7 2 2034
49 7 9 2034
50 7 16 2034
51 7 23 2034
52 7 30 2034
1 8 6 2034
2 8 13 2034
3 8 20 2034
4 8 27 2034
5 9 3 2034
6 9 10 2034
7 9 17 2034
8 9 24 2034
9 10 1 2034
10 10 8 2034
11 10 15 2034
12 10 22 2034
13 10 29 2034
14 11 5 2034
15 11 12 2034
16 11 19 2034
17 11 26 2034
18 12 3 2034
19 12 10 2034
20 12 17 2034
21 12 24 2034
22 12 31 2034
23 1 7 2035
24 1 14 2035
25 1 21 2035
26 1 28 2035
27 2 4 2035
28 2 11 2035
29 2 18 2035
30 2 25 2035
31 3 4 2035
32 3 11 2035
33 3 18 2035
34 3 25 2035
35 4 1 2035
36 4 8 2035
37 4 15 2035
38 4 22 2035
39 4 29 2035
40 5 6 2035
41 5 13 2035
42 5 20 2035
43 5 27 2035
44 6 3 2035
45 6 10 2035
46 6 17 2035
47 6 24 2035
48 7 1 2035
49 7 8 2035
50 7 15 2035
51 7 22 2035
52 7 29 2035
1 8 5 2035
2 8 12 2035
3 8 19 2035
4 8 26 2035
5 9 2 2035
6 9 9 2035
7 9 16 2035
8 9 23 2035
9 9 30 2035
10 10 7 2035
11 10 14 2035
12 10 21 2035
13 10 28 2035
14 11 4 2035
15 11 11 2035
16 11 18 2035
17 11 25 2035
18 12 2 2035
19 12 9 2035
20 12 16 2035
21 12 23 2035
22 12 30 2035
23 1 6 2036
24 1 13 2036
25 1 20 2036
26 1 27 2036
27 2 3 2036
28 2 10 2036
29 2 17 2036
30 2 24 2036
31 3 2 2036
32 3 9 2036
33 3 16 2036
34 3 23 2036
35 3 30 2036
36 4 6 2036
37 4 13 2036
38 4 20 2036
39 4 27 2036
40 5 4 2036
41 5 11 2036
42 5 18 2036
43 5 25 2036
44 6 1 2036
45 6 8 2036
46 6 15 2036
47 6 22 2036
48 6 29 2036
49 7 6 2036
50 7 13 2036
51 7 20 2036
52 7 27 2036
1 8 3 2036
2 8 10 2036
3 8 17 2036
4 8 24 2036
5 8 31 2036
6 9 7 2036
7 9 14 2036
8 9 21 2036
9 9 28 2036
10 10 5 2036
11 10 12 2036
12 10 19 2036
13 10 26 2036
14 11 2 2036
15 11 9 2036
16 11 16 2036
17 11 23 2036
18 11 30 2036
19 12 7 2036
20 12 14 2036
21 12 21 2036
22 12 28 2036
23 1 4 2037
24 1 11 2037
25 1 18 2037
26 1 25 2037
27 2 1 2037
28 2 8 2037
29 2 15 2037
30 2 22 2037
31 3 1 2037
32 3 8 2037
33 3 15 2037
34 3 22 2037
35 3 29 2037
36 4 5 2037
37 4 12 2037
38 4 19 2037
39 4 26 2037
40 5 3 2037
41 5 10 2037
42 5 17 2037
43 5 24 2037
44 5 31 2037
45 6 7 2037
46 6 14 2037
47 6 21 2037
48 6 28 2037
49 7 5 2037
50 7 12 2037
51 7 19 2037
52 7 26 2037
1 8 2 2037
2 8 9 2037
3 8 16 2037
4 8 23 2037
5 8 30 2037
6 9 6 2037
7 9 13 2037
8 9 20 2037
9 9 27 2037
10 10 4 2037
11 10 11 2037
12 10 18 2037
13 10 25 2037
14 11 1 2037
15 11 8 2037
16 11 15 2037
17 11 22 2037
18 11 29 2037
19 12 6 2037
20 12 13 2037
21 12 20 2037
22 12 27 2037
23 1 3 2038
24 1 10 2038
25 1 17 2038
26 1 24 2038
27 1 31 2038
28 2 7 2038
29 2 14 2038
30 2 21 2038
31 2 28 2038
32 3 7 2038
33 3 14 2038
34 3 21 2038
35 3 28 2038
36 4 4 2038
37 4 11 2038
38 4 18 2038
39 4 25 2038
40 5 2 2038
41 5 9 2038
42 5 16 2038
43 5 23 2038
44 5 30 2038
45 6 6 2038
46 6 13 2038
47 6 20 2038
48 6 27 2038
49 7 4 2038
50 7 11 2038
51 7 18 2038
52 7 25 2038
1 8 1 2038
2 8 8 2038
3 8 15 2038
4 8 22 2038
5 8 29 2038
6 9 5 2038
7 9 12 2038
8 9 19 2038
9 9 26 2038
10 10 3 2038
11 10 10 2038
12 10 17 2038
13 10 24 2038
14 10 31 2038
15 11 7 2038
16 11 14 2038
17 11 21 2038
18 11 28 2038
19 12 5 2038
20 12 12 2038
21 12 19 2038
22 12 26 2038
23 1 2 2039
24 1 9 2039
25 1 16 2039
26 1 23 2039
27 1 30 2039
28 2 6 2039
29 2 13 2039
30 2 20 2039
31 2 27 2039
32 3 6 2039
33 3 13 2039
34 3 20 2039
35 3 27 2039
36 4 3 2039
37 4 10 2039
38 4 17 2039
39 4 24 2039
40 5 1 2039
41 5 8 2039
42 5 15 2039
43 5 22 2039
44 5 29 2039
45 6 5 2039
46 6 12 2039
47 6 19 2039
48 6 26 2039
49 7 3 2039
50 7 10 2039
51 7 17 2039
52 7 24 2039
52 7 31 2039
1 8 7 2039
2 8 14 2039
3 8 21 2039
4 8 28 2039
5 9 4 2039
6 9 11 2039
7 9 18 2039
8 9 25 2039
9 10 2 2039
10 10 9 2039
11 10 16 2039
12 10 23 2039
13 10 30 2039
14 11 6 2039
15 11 13 2039
16 11 20 2039
17 11 27 2039
18 12 4 2039
19 12 11 2039
20 12 18 2039
21 12 25 2039
22 1 1 2040
23 1 8 2040
24 1 15 2040
25 1 22 2040
26 1 29 2040
27 2 5 2040
28 2 12 2040
29 2 19 2040
30 2 26 2040
31 3 4 2040
32 3 11 2040
33 3 18 2040
34 3 25 2040
35 4 1 2040
36 4 8 2040
37 4 15 2040
38 4 22 2040
39 4 29 2040
40 5 6 2040
41 5 13 2040
42 5 20 2040
43 5 27 2040
44 6 3 2040
45 6 10 2040
46 6 17 2040
47 6 24 2040
48 7 1 2040
49 7 8 2040
50 7 15 2040
51 7 22 2040
52 7 29 2040
1 8 5 2040
2 8 12 2040
3 8 19 2040
4 8 26 2040
5 9 2 2040
6 9 9 2040
7 9 16 2040
8 9 23 2040
9 9 30 2040
10 10 7 2040
11 10 14 2040
12 10 21 2040
13 10 28 2040
14 11 4 2040
15 11 11 2040
16 11 18 2040
17 11 25 2040
18 12 2 2040
19 12 9 2040
20 12 16 2040
21 12 23 2040
22 12 30 2040
23 1 6 2041
24 1 13 2041
25 1 20 2041
26 1 27 2041
27 2 3 2041
28 2 10 2041
29 2 17 2041
30 2 24 2041
31 3 3 2041
32 3 10 2041
33 3 17 2041
34 3 24 2041
35 3 31 2041
36 4 7 2041
37 4 14 2041
38 4 21 2041
39 4 28 2041
40 5 5 2041
41 5 12 2041
42 5 19 2041
43 5 26 2041
44 6 2 2041
45 6 9 2041
46 6 16 2041
47 6 23 2041
48 6 30 2041
49 7 7 2041
50 7 14 2041
51 7 21 2041
52 7 28 2041
1 8 4 2041
2 8 11 2041
3 8 18 2041
4 8 25 2041
5 9 1 2041
6 9 8 2041
7 9 15 2041
8 9 22 2041
9 9 29 2041
10 10 6 2041
11 10 13 2041
12 10 20 2041
13 10 27 2041
14 11 3 2041
15 11 10 2041
16 11 17 2041
17 11 24 2041
18 12 1 2041
19 12 8 2041
20 12 15 2041
21 12 22 2041
22 12 29 2041
23 1 5 2042
24 1 12 2042
25 1 19 2042
26 1 26 2042
27 2 2 2042
28 2 9 2042
29 2 16 2042
30 2 23 2042
31 3 2 2042
32 3 9 2042
33 3 16 2042
34 3 23 2042
35 3 30 2042
36 4 6 2042
37 4 13 2042
38 4 20 2042
39 4 27 2042
40 5 4 2042
41 5 11 2042
42 5 18 2042
43 5 25 2042
44 6 1 2042
45 6 8 2042
46 6 15 2042
47 6 22 2042
48 6 29 2042
49 7 6 2042
50 7 13 2042
51 7 20 2042
52 7 27 2042
1 8 3 2042
2 8 10 2042
3 8 17 2042
4 8 24 2042
5 8 31 2042
6 9 7 2042
7 9 14 2042
8 9 21 2042
9 9 28 2042
10 10 5 2042
11 10 12 2042
12 10 19 2042
13 10 26 2042
14 11 2 2042
15 11 9 2042
16 11 16 2042
17 11 23 2042
18 11 30 2042
19 12 7 2042
20 12 14 2042
21 12 21 2042
22 12 28 2042
23 1 4 2043
24 1 11 2043
25 1 18 2043
26 1 25 2043
27 2 1 2043
28 2 8 2043
29 2 15 2043
30 2 22 2043
31 3 1 2043
32 3 8 2043
33 3 15 2043
34 3 22 2043
35 3 29 2043
36 4 5 2043
37 4 12 2043
38 4 19 2043
39 4 26 2043
40 5 3 2043
41 5 10 2043
42 5 17 2043
43 5 24 2043
44 5 31 2043
45 6 7 2043
46 6 14 2043
47 6 21 2043
48 6 28 2043
49 7 5 2043
50 7 12 2043
51 7 19 2043
52 7 26 2043
1 8 2 2043
2 8 9 2043
3 8 16 2043
4 8 23 2043
5 8 30 2043
6 9 6 2043
7 9 13 2043
8 9 20 2043
9 9 27 2043
10 10 4 2043
11 10 11 2043
12 10 18 2043
13 10 25 2043
14 11 1 2043
15 11 8 2043
16 11 15 2043
17 11 22 2043
18 11 29 2043
19 12 6 2043
20 12 13 2043
21 12 20 2043
22 12 27 2043
23 1 3 2044
24 1 10 2044
25 1 17 2044
26 1 24 2044
27 1 31 2044
28 2 7 2044
29 2 14 2044
30 2 21 2044
31 2 28 2044
32 3 6 2044
33 3 13 2044
34 3 20 2044
35 3 27 2044
36 4 3 2044
37 4 10 2044
38 4 17 2044
39 4 24 2044
40 5 1 2044
41 5 8 2044
42 5 15 2044
43 5 22 2044
44 5 29 2044
45 6 5 2044
46 6 12 2044
47 6 19 2044
48 6 26 2044
49 7 3 2044
50 7 10 2044
51 7 17 2044
52 7 24 2044
52 7 31 2044
1 8 7 2044
2 8 14 2044
3 8 21 2044
4 8 28 2044
5 9 4 2044
6 9 11 2044
7 9 18 2044
8 9 25 2044
9 10 2 2044
10 10 9 2044
11 10 16 2044
12 10 23 2044
13 10 30 2044
14 11 6 2044
15 11 13 2044
16 11 20 2044
17 11 27 2044
18 12 4 2044
19 12 11 2044
20 12 18 2044
21 12 25 2044
22 1 1 2045
23 1 8 2045
24 1 15 2045
25 1 22 2045
26 1 29 2045
27 2 5 2045
28 2 12 2045
29 2 19 2045
30 2 26 2045
31 3 5 2045
32 3 12 2045
33 3 19 2045
34 3 26 2045
35 4 2 2045
36 4 9 2045
37 4 16 2045
38 4 23 2045
39 4 30 2045
40 5 7 2045
41 5 14 2045
42 5 21 2045
43 5 28 2045
44 6 4 2045
45 6 11 2045
46 6 18 2045
47 6 25 2045
48 7 2 2045
49 7 9 2045
50 7 16 2045
51 7 23 2045
52 7 30 2045
1 8 6 2045
2 8 13 2045
3 8 20 2045
4 8 27 2045
5 9 3 2045
6 9 10 2045
7 9 17 2045
8 9 24 2045
9 10 1 2045
10 10 8 2045
11 10 15 2045
12 10 22 2045
13 10 29 2045
14 11 5 2045
15 11 12 2045
16 11 19 2045
17 11 26 2045
18 12 3 2045
19 12 10 2045
20 12 17 2045
21 12 24 2045
22 12 31 2045
23 1 7 2046
24 1 14 2046
25 1 21 2046
26 1 28 2046
27 2 4 2046
28 2 11 2046
29 2 18 2046
30 2 25 2046
31 3 4 2046
32 3 11 2046
33 3 18 2046
34 3 25 2046
35 4 1 2046
36 4 8 2046
37 4 15 2046
38 4 22 2046
39 4 29 2046
40 5 6 2046
41 5 13 2046
42 5 20 2046
43 5 27 2046
44 6 3 2046
45 6 10 2046
46 6 17 2046
47 6 24 2046
48 7 1 2046
49 7 8 2046
50 7 15 2046
51 7 22 2046
52 7 29 2046
1 8 5 2046
2 8 12 2046
3 8 19 2046
4 8 26 2046
5 9 2 2046
6 9 9 2046
7 9 16 2046
8 9 23 2046
9 9 30 2046
10 10 7 2046
11 10 14 2046
12 10 21 2046
13 10 28 2046
14 11 4 2046
15 11 11 2046
16 11 18 2046
17 11 25 2046
18 12 2 2046
19 12 9 2046
20 12 16 2046
21 12 23 2046
22 12 30 2046
23 1 6 2047
24 1 13 2047
25 1 20 2047
26 1 27 2047
27 2 3 2047
28 2 10 2047
29 2 17 2047
30 2 24 2047
31 3 3 2047
32 3 10 2047
33 3 17 2047
34 3 24 2047
35 3 31 2047
36 4 7 2047
37 4 14 2047
38 4 21 2047
39 4 28 2047
40 5 5 2047
41 5 12 2047
42 5 19 2047
43 5 26 2047
44 6 2 2047
45 6 9 2047
46 6 16 2047
47 6 23 2047
48 6 30 2047
49 7 7 2047
50 7 14 2047
51 7 21 2047
52 7 28 2047
1 8 4 2047
2 8 11 2047
3 8 18 2047
4 8 25 2047
5 9 1 2047
6 9 8 2047
7 9 15 2047
8 9 22 2047
9 9 29 2047
10 10 6 2047
11 10 13 2047
12 10 20 2047
13 10 27 2047
14 11 3 2047
15 11 10 2047
16 11 17 2047
17 11 24 2047
18 12 1 2047
19 12 8 2047
20 12 15 2047
21 12 22 2047
22 12 29 2047
23 1 5 2048
24 1 12 2048
25 1 19 2048
26 1 26 2048
27 2 2 2048
28 2 9 2048
29 2 16 2048
30 2 23 2048
31 3 1 2048
32 3 8 2048
33 3 15 2048
34 3 22 2048
35 3 29 2048
36 4 5 2048
37 4 12 2048
38 4 19 2048
39 4 26 2048
40 5 3 2048
41 5 10 2048
42 5 17 2048
43 5 24 2048
44 5 31 2048
45 6 7 2048
46 6 14 2048
47 6 21 2048
48 6 28 2048
49 7 5 2048
50 7 12 2048
51 7 19 2048
52 7 26 2048
1 8 2 2048
2 8 9 2048
3 8 16 2048
4 8 23 2048
5 8 30 2048
6 9 6 2048
7 9 13 2048
8 9 20 2048
9 9 27 2048
10 10 4 2048
11 10 11 2048
12 10 18 2048
13 10 25 2048
14 11 1 2048
15 11 8 2048
16 11 15 2048
17 11 22 2048
18 11 29 2048
19 12 6 2048
20 12 13 2048
21 12 20 2048
22 12 27 2048
23 1 3 2049
24 1 10 2049
25 1 17 2049
26 1 24 2049
27 1 31 2049
28 2 7 2049
29 2 14 2049
30 2 21 2049
31 2 28 2049
32 3 7 2049
33 3 14 2049
34 3 21 2049
35 3 28 2049
36 4 4 2049
37 4 11 2049
38 4 18 2049
39 4 25 2049
40 5 2 2049
41 5 9 2049
42 5 16 2049
43 5 23 2049
44 5 30 2049
45 6 6 2049
46 6 13 2049
47 6 20 2049
48 6 27 2049
49 7 4 2049
50 7 11 2049
51 7 18 2049
52 7 25 2049
1 8 1 2049
2 8 8 2049
3 8 15 2049
4 8 22 2049
5 8 29 2049
6 9 5 2049
7 9 12 2049
8 9 19 2049
9 9 26 2049
10 10 3 2049
11 10 10 2049
12 10 17 2049
13 10 24 2049
14 10 31 2049
15 11 7 2049
16 11 14 2049
17 11 21 2049
18 11 28 2049
19 12 5 2049
20 12 12 2049
21 12 19 2049
22 12 26 2049
23 1 2 2050
24 1 9 2050
25 1 16 2050
26 1 23 2050
27 1 30 2050
28 2 6 2050
29 2 13 2050
30 2 20 2050
31 2 27 2050
32 3 6 2050
33 3 13 2050
34 3 20 2050
35 3 27 2050
36 4 3 2050
37 4 10 2050
38 4 17 2050
39 4 24 2050
40 5 1 2050
41 5 8 2050
42 5 15 2050
43 5 22 2050
44 5 29 2050
45 6 5 2050
46 6 12 2050
47 6 19 2050
48 6 26 2050
49 7 3 2050
50 7 10 2050
51 7 17 2050
52 7 24 2050
52 7 31 2050
1 8 7 2050
2 8 14 2050
3 8 21 2050
4 8 28 2050
5 9 4 2050
6 9 11 2050
7 9 18 2050
8 9 25 2050
9 10 2 2050
10 10 9 2050
11 10 16 2050
12 10 23 2050
13 10 30 2050
14 11 6 2050
15 11 13 2050
16 11 20 2050
17 11 27 2050
18 12 4 2050
19 12 11 2050
20 12 18 2050
21 12 25 2050
22 1 1 2051
23 1 8 2051
24 1 15 2051
25 1 22 2051
26 1 29 2051
27 2 5 2051
28 2 12 2051
29 2 19 2051
30 2 26 2051
31 3 5 2051
32 3 12 2051
33 3 19 2051
34 3 26 2051
35 4 2 2051
36 4 9 2051
37 4 16 2051
38 4 23 2051
39 4 30 2051
40 5 7 2051
41 5 14 2051
42 5 21 2051
43 5 28 2051
44 6 4 2051
45 6 11 2051
46 6 18 2051
47 6 25 2051
48 7 2 2051
49 7 9 2051
50 7 16 2051
51 7 23 2051
52 7 30 2051
1 8 6 2051
2 8 13 2051
3 8 20 2051
4 8 27 2051
5 9 3 2051
6 9 10 2051
7 9 17 2051
8 9 24 2051
9 10 1 2051
10 10 8 2051
11 10 15 2051
12 10 22 2051
13 10 29 2051
14 11 5 2051
15 11 12 2051
16 11 19 2051
17 11 26 2051
18 12 3 2051
19 12 10 2051
20 12 17 2051
21 12 24 2051
22 12 31 2051
23 1 7 2052
24 1 14 2052
25 1 21 2052
26 1 28 2052
27 2 4 2052
28 2 11 2052
29 2 18 2052
30 2 25 2052
31 3 3 2052
32 3 10 2052
33 3 17 2052
34 3 24 2052
35 3 31 2052
36 4 7 2052
37 4 14 2052
38 4 21 2052
39 4 28 2052
40 5 5 2052
41 5 12 2052
42 5 19 2052
43 5 26 2052
44 6 2 2052
45 6 9 2052
46 6 16 2052
47 6 23 2052
48 6 30 2052
49 7 7 2052
50 7 14 2052
51 7 21 2052
52 7 28 2052
1 8 4 2052
2 8 11 2052
3 8 18 2052
4 8 25 2052
5 9 1 2052
6 9 8 2052
7 9 15 2052
8 9 22 2052
9 9 29 2052
10 10 6 2052
11 10 13 2052
12 10 20 2052
13 10 27 2052
14 11 3 2052
15 11 10 2052
16 11 17 2052
17 11 24 2052
18 12 1 2052
19 12 8 2052
20 12 15 2052
21 12 22 2052
22 12 29 2052
23 1 5 2053
24 1 12 2053
25 1 19 2053
26 1 26 2053
27 2 2 2053
28 2 9 2053
29 2 16 2053
30 2 23 2053
31 3 2 2053
32 3 9 2053
33 3 16 2053
34 3 23 2053
35 3 30 2053
36 4 6 2053
37 4 13 2053
38 4 20 2053
39 4 27 2053
40 5 4 2053
41 5 11 2053
42 5 18 2053
43 5 25 2053
44 6 1 2053
45 6 8 2053
46 6 15 2053
47 6 22 2053
48 6 29 2053
49 7 6 2053
50 7 13 2053
51 7 20 2053
52 7 27 2053
1 8 3 2053
2 8 10 2053
3 8 17 2053
4 8 24 2053
5 8 31 2053
6 9 7 2053
7 9 14 2053
8 9 21 2053
9 9 28 2053
10 10 5 2053
11 10 12 2053
12 10 19 2053
13 10 26 2053
14 11 2 2053
15 11 9 2053
16 11 16 2053
17 11 23 2053
18 11 30 2053
19 12 7 2053
20 12 14 2053
21 12 21 2053
22 12 28 2053
23 1 4 2054
24 1 11 2054
25 1 18 2054
26 1 25 2054
27 2 1 2054
28 2 8 2054
29 2 15 2054
30 2 22 2054
31 3 1 2054
32 3 8 2054
33 3 15 2054
34 3 22 2054
35 3 29 2054
36 4 5 2054
37 4 12 2054
38 4 19 2054
39 4 26 2054
40 5 3 2054
41 5 10 2054
42 5 17 2054
43 5 24 2054
44 5 31 2054
45 6 7 2054
46 6 14 2054
47 6 21 2054
48 6 28 2054
49 7 5 2054
50 7 12 2054
51 7 19 2054
52 7 26 2054
1 8 2 2054
2 8 9 2054
3 8 16 2054
4 8 23 2054
5 8 30 2054
6 9 6 2054
7 9 13 2054
8 9 20 2054
9 9 27 2054
10 10 4 2054
11 10 11 2054
12 10 18 2054
13 10 25 2054
14 11 1 2054
15 11 8 2054
16 11 15 2054
17 11 22 2054
18 11 29 2054
19 12 6 2054
20 12 13 2054
21 12 20 2054
22 12 27 2054
23 1 3 2055
24 1 10 2055
25 1 17 2055
26 1 24 2055
27 1 31 2055
28 2 7 2055
29 2 14 2055
30 2 21 2055
31 2 28 2055
32 3 7 2055
33 3 14 2055
34 3 21 2055
35 3 28 2055
36 4 4 2055
37 4 11 2055
38 4 18 2055
39 4 25 2055
40 5 2 2055
41 5 9 2055
42 5 16 2055
43 5 23 2055
44 5 30 2055
45 6 6 2055
46 6 13 2055
47 6 20 2055
48 6 27 2055
49 7 4 2055
50 7 11 2055
51 7 18 2055
52 7 25 2055
1 8 1 2055
2 8 8 2055
3 8 15 2055
4 8 22 2055
5 8 29 2055
6 9 5 2055
7 9 12 2055
8 9 19 2055
9 9 26 2055
10 10 3 2055
11 10 10 2055
12 10 17 2055
13 10 24 2055
14 10 31 2055
15 11 7 2055
16 11 14 2055
17 11 21 2055
18 11 28 2055
19 12 5 2055
20 12 12 2055
21 12 19 2055
22 12 26 2055
23 1 2 2056
24 1 9 2056
25 1 16 2056
26 1 23 2056
27 1 30 2056
28 2 6 2056
29 2 13 2056
30 2 20 2056
31 2 27 2056
32 3 5 2056
33 3 12 2056
34 3 19 2056
35 3 26 2056
36 4 2 2056
37 4 9 2056
38 4 16 2056
39 4 23 2056
40 4 30 2056
41 5 7 2056
42 5 14 2056
43 5 21 2056
44 5 28 2056
45 6 4 2056
46 6 11 2056
47 6 18 2056
48 6 25 2056
49 7 2 2056
50 7 9 2056
51 7 16 2056
52 7 23 2056
52 7 30 2056
1 8 6 2056
2 8 13 2056
3 8 20 2056
4 8 27 2056
5 9 3 2056
6 9 10 2056
7 9 17 2056
8 9 24 2056
9 10 1 2056
10 10 8 2056
11 10 15 2056
12 10 22 2056
13 10 29 2056
14 11 5 2056
15 11 12 2056
16 11 19 2056
17 11 26 2056
18 12 3 2056
19 12 10 2056
20 12 17 2056
21 12 24 2056
22 12 31 2056
23 1 7 2057
24 1 14 2057
25 1 21 2057
26 1 28 2057
27 2 4 2057
28 2 11 2057
29 2 18 2057
30 2 25 2057
31 3 4 2057
32 3 11 2057
33 3 18 2057
34 3 25 2057
35 4 1 2057
36 4 8 2057
37 4 15 2057
38 4 22 2057
39 4 29 2057
40 5 6 2057
41 5 13 2057
42 5 20 2057
43 5 27 2057
44 6 3 2057
45 6 10 2057
46 6 17 2057
47 6 24 2057
48 7 1 2057
49 7 8 2057
50 7 15 2057
51 7 22 2057
52 7 29 2057
1 8 5 2057
2 8 12 2057
3 8 19 2057
4 8 26 2057
5 9 2 2057
6 9 9 2057
7 9 16 2057
8 9 23 2057
9 9 30 2057
10 10 7 2057
11 10 14 2057
12 10 21 2057
13 10 28 2057
14 11 4 2057
15 11 11 2057
16 11 18 2057
17 11 25 2057
18 12 2 2057
19 12 9 2057
20 12 16 2057
21 12 23 2057
22 12 30 2057
23 1 6 2058
24 1 13 2058
25 1 20 2058
26 1 27 2058
27 2 3 2058
28 2 10 2058
29 2 17 2058
30 2 24 2058
31 3 3 2058
32 3 10 2058
33 3 17 2058
34 3 24 2058
35 3 31 2058
36 4 7 2058
37 4 14 2058
38 4 21 2058
39 4 28 2058
40 5 5 2058
41 5 12 2058
42 5 19 2058
43 5 26 2058
44 6 2 2058
45 6 9 2058
46 6 16 2058
47 6 23 2058
48 6 30 2058
49 7 7 2058
50 7 14 2058
51 7 21 2058
52 7 28 2058
1 8 4 2058
2 8 11 2058
3 8 18 2058
4 8 25 2058
5 9 1 2058
6 9 8 2058
7 9 15 2058
8 9 22 2058
9 9 29 2058
10 10 6 2058
11 10 13 2058
12 10 20 2058
13 10 27 2058
14 11 3 2058
15 11 10 2058
16 11 17 2058
17 11 24 2058
18 12 1 2058
19 12 8 2058
20 12 15 2058
21 12 22 2058
22 12 29 2058
23 1 5 2059
24 1 12 2059
25 1 19 2059
26 1 26 2059
27 2 2 2059
28 2 9 2059
29 2 16 2059
30 2 23 2059
31 3 2 2059
32 3 9 2059
33 3 16 2059
34 3 23 2059
35 3 30 2059
36 4 6 2059
37 4 13 2059
38 4 20 2059
39 4 27 2059
40 5 4 2059
41 5 11 2059
42 5 18 2059
43 5 25 2059
44 6 1 2059
45 6 8 2059
46 6 15 2059
47 6 22 2059
48 6 29 2059
49 7 6 2059
50 7 13 2059
51 7 20 2059
52 7 27 2059
1 8 3 2059
2 8 10 2059
3 8 17 2059
4 8 24 2059
5 8 31 2059
6 9 7 2059
7 9 14 2059
8 9 21 2059
9 9 28 2059
10 10 5 2059
11 10 12 2059
12 10 19 2059
13 10 26 2059
14 11 2 2059
15 11 9 2059
16 11 16 2059
17 11 23 2059
18 11 30 2059
19 12 7 2059
20 12 14 2059
21 12 21 2059
22 12 28 2059
23 1 4 2060
24 1 11 2060
25 1 18 2060
26 1 25 2060
27 2 1 2060
28 2 8 2060
29 2 15 2060
30 2 22 2060
31 2 29 2060
32 3 7 2060
33 3 14 2060
34 3 21 2060
35 3 28 2060
36 4 4 2060
37 4 11 2060
38 4 18 2060
39 4 25 2060
40 5 2 2060
41 5 9 2060
42 5 16 2060
43 5 23 2060
44 5 30 2060
45 6 6 2060
46 6 13 2060
47 6 20 2060
48 6 27 2060
49 7 4 2060
50 7 11 2060
51 7 18 2060
52 7 25 2060
1 8 1 2060
2 8 8 2060
3 8 15 2060
4 8 22 2060
5 8 29 2060
6 9 5 2060
7 9 12 2060
8 9 19 2060
9 9 26 2060
10 10 3 2060
11 10 10 2060
12 10 17 2060
13 10 24 2060
14 10 31 2060
15 11 7 2060
16 11 14 2060
17 11 21 2060
18 11 28 2060
19 12 5 2060
20 12 12 2060
21 12 19 2060
22 12 26 2060
23 1 2 2061
24 1 9 2061
25 1 16 2061
26 1 23 2061
27 1 30 2061
28 2 6 2061
29 2 13 2061
30 2 20 2061
31 2 27 2061
32 3 6 2061
33 3 13 2061
34 3 20 2061
35 3 27 2061
36 4 3 2061
37 4 10 2061
38 4 17 2061
39 4 24 2061
40 5 1 2061
41 5 8 2061
42 5 15 2061
43 5 22 2061
44 5 29 2061
45 6 5 2061
46 6 12 2061
47 6 19 2061
48 6 26 2061
49 7 3 2061
50 7 10 2061
51 7 17 2061
52 7 24 2061
52 7 31 2061
1 8 7 2061
2 8 14 2061
3 8 21 2061
4 8 28 2061
5 9 4 2061
6 9 11 2061
7 9 18 2061
8 9 25 2061
9 10 2 2061
10 10 9 2061
11 10 16 2061
12 10 23 2061
13 10 30 2061
14 11 6 2061
15 11 13 2061
16 11 20 2061
17 11 27 2061
18 12 4 2061
19 12 11 2061
20 12 18 2061
21 12 25 2061
22 1 1 2062
23 1 8 2062
24 1 15 2062
25 1 22 2062
26 1 29 2062
27 2 5 2062
28 2 12 2062
29 2 19 2062
30 2 26 2062
31 3 5 2062
32 3 12 2062
33 3 19 2062
34 3 26 2062
35 4 2 2062
36 4 9 2062
37 4 16 2062
38 4 23 2062
39 4 30 2062
40 5 7 2062
41 5 14 2062
42 5 21 2062
43 5 28 2062
44 6 4 2062
45 6 11 2062
46 6 18 2062
47 6 25 2062
48 7 2 2062
49 7 9 2062
50 7 16 2062
51 7 23 2062
52 7 30 2062
1 8 6 2062
2 8 13 2062
3 8 20 2062
4 8 27 2062
5 9 3 2062
6 9 10 2062
7 9 17 2062
8 9 24 2062
9 10 1 2062
10 10 8 2062
11 10 15 2062
12 10 22 2062
13 10 29 2062
14 11 5 2062
15 11 12 2062
16 11 19 2062
17 11 26 2062
18 12 3 2062
19 12 10 2062
20 12 17 2062
21 12 24 2062
22 12 31 2062
23 1 7 2063
24 1 14 2063
25 1 21 2063
26 1 28 2063
27 2 4 2063
28 2 11 2063
29 2 18 2063
30 2 25 2063
31 3 4 2063
32 3 11 2063
33 3 18 2063
34 3 25 2063
35 4 1 2063
36 4 8 2063
37 4 15 2063
38 4 22 2063
39 4 29 2063
40 5 6 2063
41 5 13 2063
42 5 20 2063
43 5 27 2063
44 6 3 2063
45 6 10 2063
46 6 17 2063
47 6 24 2063
48 7 1 2063
49 7 8 2063
50 7 15 2063
51 7 22 2063
52 7 29 2063
1 8 5 2063
2 8 12 2063
3 8 19 2063
4 8 26 2063
5 9 2 2063
6 9 9 2063
7 9 16 2063
8 9 23 2063
9 9 30 2063
10 10 7 2063
11 10 14 2063
12 10 21 2063
13 10 28 2063
14 11 4 2063
15 11 11 2063
16 11 18 2063
17 11 25 2063
18 12 2 2063
19 12 9 2063
20 12 16 2063
21 12 23 2063
22 12 30 2063
23 1 6 2064
24 1 13 2064
25 1 20 2064
26 1 27 2064
27 2 3 2064
28 2 10 2064
29 2 17 2064
30 2 24 2064
31 3 2 2064
32 3 9 2064
33 3 16 2064
34 3 23 2064
35 3 30 2064
36 4 6 2064
37 4 13 2064
38 4 20 2064
39 4 27 2064
40 5 4 2064
41 5 11 2064
42 5 18 2064
43 5 25 2064
44 6 1 2064
45 6 8 2064
46 6 15 2064
47 6 22 2064
48 6 29 2064
49 7 6 2064
50 7 13 2064
51 7 20 2064
52 7 27 2064
1 8 3 2064
2 8 10 2064
3 8 17 2064
4 8 24 2064
5 8 31 2064
6 9 7 2064
7 9 14 2064
8 9 21 2064
9 9 28 2064
10 10 5 2064
11 10 12 2064
12 10 19 2064
13 10 26 2064
14 11 2 2064
15 11 9 2064
16 11 16 2064
17 11 23 2064
18 11 30 2064
19 12 7 2064
20 12 14 2064
21 12 21 2064
22 12 28 2064
23 1 4 2065
24 1 11 2065
25 1 18 2065
26 1 25 2065
27 2 1 2065
28 2 8 2065
29 2 15 2065
30 2 22 2065
31 3 1 2065
32 3 8 2065
33 3 15 2065
34 3 22 2065
35 3 29 2065
36 4 5 2065
37 4 12 2065
38 4 19 2065
39 4 26 2065
40 5 3 2065
41 5 10 2065
42 5 17 2065
43 5 24 2065
44 5 31 2065
45 6 7 2065
46 6 14 2065
47 6 21 2065
48 6 28 2065
49 7 5 2065
50 7 12 2065
51 7 19 2065
52 7 26 2065
1 8 2 2065
2 8 9 2065
3 8 16 2065
4 8 23 2065
5 8 30 2065
6 9 6 2065
7 9 13 2065
8 9 20 2065
9 9 27 2065
10 10 4 2065
11 10 11 2065
12 10 18 2065
13 10 25 2065
14 11 1 2065
15 11 8 2065
16 11 15 2065
17 11 22 2065
18 11 29 2065
19 12 6 2065
20 12 13 2065
21 12 20 2065
22 12 27 2065
23 1 3 2066
24 1 10 2066
25 1 17 2066
26 1 24 2066
27 1 31 2066
28 2 7 2066
29 2 14 2066
30 2 21 2066
31 2 28 2066
32 3 7 2066
33 3 14 2066
34 3 21 2066
35 3 28 2066
36 4 4 2066
37 4 11 2066
38 4 18 2066
39 4 25 2066
40 5 2 2066
41 5 9 2066
42 5 16 2066
43 5 23 2066
44 5 30 2066
45 6 6 2066
46 6 13 2066
47 6 20 2066
48 6 27 2066
49 7 4 2066
50 7 11 2066
51 7 18 2066
52 7 25 2066
1 8 1 2066
2 8 8 2066
3 8 15 2066
4 8 22 2066
5 8 29 2066
6 9 5 2066
7 9 12 2066
8 9 19 2066
9 9 26 2066
10 10 3 2066
11 10 10 2066
12 10 17 2066
13 10 24 2066
14 10 31 2066
15 11 7 2066
16 11 14 2066
17 11 21 2066
18 11 28 2066
19 12 5 2066
20 12 12 2066
21 12 19 2066
22 12 26 2066
23 1 2 2067
24 1 9 2067
25 1 16 2067
26 1 23 2067
27 1 30 2067
28 2 6 2067
29 2 13 2067
30 2 20 2067
31 2 27 2067
32 3 6 2067
33 3 13 2067
34 3 20 2067
35 3 27 2067
36 4 3 2067
37 4 10 2067
38 4 17 2067
39 4 24 2067
40 5 1 2067
41 5 8 2067
42 5 15 2067
43 5 22 2067
44 5 29 2067
45 6 5 2067
46 6 12 2067
47 6 19 2067
48 6 26 2067
49 7 3 2067
50 7 10 2067
51 7 17 2067
52 7 24 2067
52 7 31 2067
1 8 7 2067
2 8 14 2067
3 8 21 2067
4 8 28 2067
5 9 4 2067
6 9 11 2067
7 9 18 2067
8 9 25 2067
9 10 2 2067
10 10 9 2067
11 10 16 2067
12 10 23 2067
13 10 30 2067
14 11 6 2067
15 11 13 2067
16 11 20 2067
17 11 27 2067
18 12 4 2067
19 12 11 2067
20 12 18 2067
21 12 25 2067
22 1 1 2068
23 1 8 2068
24 1 15 2068
25 1 22 2068
26 1 29 2068
27 2 5 2068
28 2 12 2068
29 2 19 2068
30 2 26 2068
31 3 4 2068
32 3 11 2068
33 3 18 2068
34 3 25 2068
35 4 1 2068
36 4 8 2068
37 4 15 2068
38 4 22 2068
39 4 29 2068
40 5 6 2068
41 5 13 2068
42 5 20 2068
43 5 27 2068
44 6 3 2068
45 6 10 2068
46 6 17 2068
47 6 24 2068
48 7 1 2068
49 7 8 2068
50 7 15 2068
51 7 22 2068
52 7 29 2068
1 8 5 2068
2 8 12 2068
3 8 19 2068
4 8 26 2068
5 9 2 2068
6 9 9 2068
7 9 16 2068
8 9 23 2068
9 9 30 2068
10 10 7 2068
11 10 14 2068
12 10 21 2068
13 10 28 2068
14 11 4 2068
15 11 11 2068
16 11 18 2068
17 11 25 2068
18 12 2 2068
19 12 9 2068
20 12 16 2068
21 12 23 2068
22 12 30 2068
23 1 6 2069
24 1 13 2069
25 1 20 2069
26 1 27 2069
27 2 3 2069
28 2 10 2069
29 2 17 2069
30 2 24 2069
31 3 3 2069
32 3 10 2069
33 3 17 2069
34 3 24 2069
35 3 31 2069
36 4 7 2069
37 4 14 2069
38 4 21 2069
39 4 28 2069
40 5 5 2069
41 5 12 2069
42 5 19 2069
43 5 26 2069
44 6 2 2069
45 6 9 2069
46 6 16 2069
47 6 23 2069
48 6 30 2069
49 7 7 2069
50 7 14 2069
51 7 21 2069
52 7 28 2069
1 8 4 2069
2 8 11 2069
3 8 18 2069
4 8 25 2069
5 9 1 2069
6 9 8 2069
7 9 15 2069
8 9 22 2069
9 9 29 2069
10 10 6 2069
11 10 13 2069
12 10 20 2069
13 10 27 2069
14 11 3 2069
15 11 10 2069
16 11 17 2069
17 11 24 2069
18 12 1 2069
19 12 8 2069
20 12 15 2069
21 12 22 2069
22 12 29 2069
23 1 5 2070
24 1 12 2070
25 1 19 2070
26 1 26 2070
27 2 2 2070
28 2 9 2070
29 2 16 2070
30 2 23 2070
31 3 2 2070
32 3 9 2070
33 3 16 2070
34 3 23 2070
35 3 30 2070
36 4 6 2070
37 4 13 2070
38 4 20 2070
39 4 27 2070
40 5 4 2070
41 5 11 2070
42 5 18 2070
43 5 25 2070
44 6 1 2070
45 6 8 2070
46 6 15 2070
47 6 22 2070
48 6 29 2070
49 7 6 2070
50 7 13 2070
51 7 20 2070
52 7 27 2070
1 8 3 2070
2 8 10 2070
3 8 17 2070
4 8 24 2070
5 8 31 2070
6 9 7 2070
7 9 14 2070
8 9 21 2070
9 9 28 2070
10 10 5 2070
11 10 12 2070
12 10 19 2070
13 10 26 2070
14 11 2 2070
15 11 9 2070
16 11 16 2070
17 11 23 2070
18 11 30 2070
19 12 7 2070
20 12 14 2070
21 12 21 2070
22 12 28 2070
23 1 4 2071
24 1 11 2071
25 1 18 2071
26 1 25 2071
27 2 1 2071
28 2 8 2071
29 2 15 2071
30 2 22 2071
31 3 1 2071
32 3 8 2071
33 3 15 2071
34 3 22 2071
35 3 29 2071
36 4 5 2071
37 4 12 2071
38 4 19 2071
39 4 26 2071
40 5 3 2071
41 5 10 2071
42 5 17 2071
43 5 24 2071
44 5 31 2071
45 6 7 2071
46 6 14 2071
47 6 21 2071
48 6 28 2071
49 7 5 2071
50 7 12 2071
51 7 19 2071
52 7 26 2071
1 8 2 2071
2 8 9 2071
3 8 16 2071
4 8 23 2071
5 8 30 2071
6 9 6 2071
7 9 13 2071
8 9 20 2071
9 9 27 2071
10 10 4 2071
11 10 11 2071
12 10 18 2071
13 10 25 2071
14 11 1 2071
15 11 8 2071
16 11 15 2071
17 11 22 2071
18 11 29 2071
19 12 6 2071
20 12 13 2071
21 12 20 2071
22 12 27 2071
23 1 3 2072
24 1 10 2072
25 1 17 2072
26 1 24 2072
27 1 31 2072
28 2 7 2072
29 2 14 2072
30 2 21 2072
31 2 28 2072
32 3 6 2072
33 3 13 2072
34 3 20 2072
35 3 27 2072
36 4 3 2072
37 4 10 2072
38 4 17 2072
39 4 24 2072
40 5 1 2072
41 5 8 2072
42 5 15 2072
43 5 22 2072
44 5 29 2072
45 6 5 2072
46 6 12 2072
47 6 19 2072
48 6 26 2072
49 7 3 2072
50 7 10 2072
51 7 17 2072
52 7 24 2072
52 7 31 2072
1 8 7 2072
2 8 14 2072
3 8 21 2072
4 8 28 2072
5 9 4 2072
6 9 11 2072
7 9 18 2072
8 9 25 2072
9 10 2 2072
10 10 9 2072
11 10 16 2072
12 10 23 2072
13 10 30 2072
14 11 6 2072
15 11 13 2072
16 11 20 2072
17 11 27 2072
18 12 4 2072
19 12 11 2072
20 12 18 2072
21 12 25 2072
22 1 1 2073
23 1 8 2073
24 1 15 2073
25 1 22 2073
26 1 29 2073
27 2 5 2073
28 2 12 2073
29 2 19 2073
30 2 26 2073
31 3 5 2073
32 3 12 2073
33 3 19 2073
34 3 26 2073
35 4 2 2073
36 4 9 2073
37 4 16 2073
38 4 23 2073
39 4 30 2073
40 5 7 2073
41 5 14 2073
42 5 21 2073
43 5 28 2073
44 6 4 2073
45 6 11 2073
46 6 18 2073
47 6 25 2073
48 7 2 2073
49 7 9 2073
50 7 16 2073
51 7 23 2073
52 7 30 2073
1 8 6 2073
2 8 13 2073
3 8 20 2073
4 8 27 2073
5 9 3 2073
6 9 10 2073
7 9 17 2073
8 9 24 2073
9 10 1 2073
10 10 8 2073
11 10 15 2073
12 10 22 2073
13 10 29 2073
14 11 5 2073
15 11 12 2073
16 11 19 2073
17 11 26 2073
18 12 3 2073
19 12 10 2073
20 12 17 2073
21 12 24 2073
22 12 31 2073
23 1 7 2074
24 1 14 2074
25 1 21 2074
26 1 28 2074
27 2 4 2074
28 2 11 2074
29 2 18 2074
30 2 25 2074
31 3 4 2074
32 3 11 2074
33 3 18 2074
34 3 25 2074
35 4 1 2074
36 4 8 2074
37 4 15 2074
38 4 22 2074
39 4 29 2074
40 5 6 2074
41 5 13 2074
42 5 20 2074
43 5 27 2074
44 6 3 2074
45 6 10 2074
46 6 17 2074
47 6 24 2074
48 7 1 2074
49 7 8 2074
50 7 15 2074
51 7 22 2074
52 7 29 2074
1 8 5 2074
2 8 12 2074
3 8 19 2074
4 8 26 2074
5 9 2 2074
6 9 9 2074
7 9 16 2074
8 9 23 2074
9 9 30 2074
10 10 7 2074
11 10 14 2074
12 10 21 2074
13 10 28 2074
14 11 4 2074
15 11 11 2074
16 11 18 2074
17 11 25 2074
18 12 2 2074
19 12 9 2074
20 12 16 2074
21 12 23 2074
22 12 30 2074
23 1 6 2075
24 1 13 2075
25 1 20 2075
26 1 27 2075
27 2 3 2075
28 2 10 2075
29 2 17 2075
30 2 24 2075
31 3 3 2075
32 3 10 2075
33 3 17 2075
34 3 24 2075
35 3 31 2075
36 4 7 2075
37 4 14 2075
38 4 21 2075
39 4 28 2075
40 5 5 2075
41 5 12 2075
42 5 19 2075
43 5 26 2075
44 6 2 2075
45 6 9 2075
46 6 16 2075
47 6 23 2075
48 6 30 2075
49 7 7 2075
50 7 14 2075
51 7 21 2075
52 7 28 2075
1 8 4 2075
2 8 11 2075
3 8 18 2075
4 8 25 2075
5 9 1 2075
6 9 8 2075
7 9 15 2075
8 9 22 2075
9 9 29 2075
10 10 6 2075
11 10 13 2075
12 10 20 2075
13 10 27 2075
14 11 3 2075
15 11 10 2075
16 11 17 2075
17 11 24 2075
18 12 1 2075
19 12 8 2075
20 12 15 2075
21 12 22 2075
22 12 29 2075
23 1 5 2076
24 1 12 2076
25 1 19 2076
26 1 26 2076
27 2 2 2076
28 2 9 2076
29 2 16 2076
30 2 23 2076
31 3 1 2076
32 3 8 2076
33 3 15 2076
34 3 22 2076
35 3 29 2076
36 4 5 2076
37 4 12 2076
38 4 19 2076
39 4 26 2076
40 5 3 2076
41 5 10 2076
42 5 17 2076
43 5 24 2076
44 5 31 2076
45 6 7 2076
46 6 14 2076
47 6 21 2076
48 6 28 2076
49 7 5 2076
50 7 12 2076
51 7 19 2076
52 7 26 2076
1 8 2 2076
2 8 9 2076
3 8 16 2076
4 8 23 2076
5 8 30 2076
6 9 6 2076
7 9 13 2076
8 9 20 2076
9 9 27 2076
10 10 4 2076
11 10 11 2076
12 10 18 2076
13 10 25 2076
14 11 1 2076
15 11 8 2076
16 11 15 2076
17 11 22 2076
18 11 29 2076
19 12 6 2076
20 12 13 2076
21 12 20 2076
22 12 27 2076
23 1 3 2077
24 1 10 2077
25 1 17 2077
26 1 24 2077
27 1 31 2077
28 2 7 2077
29 2 14 2077
30 2 21 2077
31 2 28 2077
32 3 7 2077
33 3 14 2077
34 3 21 2077
35 3 28 2077
36 4 4 2077
37 4 11 2077
38 4 18 2077
39 4 25 2077
40 5 2 2077
41 5 9 2077
42 5 16 2077
43 5 23 2077
44 5 30 2077
45 6 6 2077
46 6 13 2077
47 6 20 2077
48 6 27 2077
49 7 4 2077
50 7 11 2077
51 7 18 2077
52 7 25 2077
1 8 1 2077
2 8 8 2077
3 8 15 2077
4 8 22 2077
5 8 29 2077
6 9 5 2077
7 9 12 2077
8 9 19 2077
9 9 26 2077
10 10 3 2077
11 10 10 2077
12 10 17 2077
13 10 24 2077
14 10 31 2077
15 11 7 2077
16 11 14 2077
17 11 21 2077
18 11 28 2077
19 12 5 2077
20 12 12 2077
21 12 19 2077
22 12 26 2077
23 1 2 2078
24 1 9 2078
25 1 16 2078
26 1 23 2078
27 1 30 2078
28 2 6 2078
29 2 13 2078
30 2 20 2078
31 2 27 2078
32 3 6 2078
33 3 13 2078
34 3 20 2078
35 3 27 2078
36 4 3 2078
37 4 10 2078
38 4 17 2078
39 4 24 2078
40 5 1 2078
41 5 8 2078
42 5 15 2078
43 5 22 2078
44 5 29 2078
45 6 5 2078
46 6 12 2078
47 6 19 2078
48 6 26 2078
49 7 3 2078
50 7 10 2078
51 7 17 2078
52 7 24 2078
52 7 31 2078
1 8 7 2078
2 8 14 2078
3 8 21 2078
4 8 28 2078
5 9 4 2078
6 9 11 2078
7 9 18 2078
8 9 25 2078
9 10 2 2078
10 10 9 2078
11 10 16 2078
12 10 23 2078
13 10 30 2078
14 11 6 2078
15 11 13 2078
16 11 20 2078
17 11 27 2078
18 12 4 2078
19 12 11 2078
20 12 18 2078
21 12 25 2078
22 1 1 2079
23 1 8 2079
24 1 15 2079
25 1 22 2079
26 1 29 2079
27 2 5 2079
28 2 12 2079
29 2 19 2079
30 2 26 2079
31 3 5 2079
32 3 12 2079
33 3 19 2079
34 3 26 2079
35 4 2 2079
36 4 9 2079
37 4 16 2079
38 4 23 2079
39 4 30 2079
40 5 7 2079
41 5 14 2079
42 5 21 2079
43 5 28 2079
44 6 4 2079
45 6 11 2079
46 6 18 2079
47 6 25 2079
48 7 2 2079
49 7 9 2079
50 7 16 2079
51 7 23 2079
52 7 30 2079
1 8 6 2079
2 8 13 2079
3 8 20 2079
4 8 27 2079
5 9 3 2079
6 9 10 2079
7 9 17 2079
8 9 24 2079
9 10 1 2079
10 10 8 2079
11 10 15 2079
12 10 22 2079
13 10 29 2079
14 11 5 2079
15 11 12 2079
16 11 19 2079
17 11 26 2079
18 12 3 2079
19 12 10 2079
20 12 17 2079
21 12 24 2079
22 12 31 2079
23 1 7 2080
24 1 14 2080
25 1 21 2080
26 1 28 2080
27 2 4 2080
28 2 11 2080
29 2 18 2080
30 2 25 2080
31 3 3 2080
32 3 10 2080
33 3 17 2080
34 3 24 2080
35 3 31 2080
36 4 7 2080
37 4 14 2080
38 4 21 2080
39 4 28 2080
40 5 5 2080
41 5 12 2080
42 5 19 2080
43 5 26 2080
44 6 2 2080
45 6 9 2080
46 6 16 2080
47 6 23 2080
48 6 30 2080
49 7 7 2080
50 7 14 2080
51 7 21 2080
52 7 28 2080
1 8 4 2080
2 8 11 2080
3 8 18 2080
4 8 25 2080
5 9 1 2080
6 9 8 2080
7 9 15 2080
8 9 22 2080
9 9 29 2080
10 10 6 2080
11 10 13 2080
12 10 20 2080
13 10 27 2080
14 11 3 2080
15 11 10 2080
16 11 17 2080
17 11 24 2080
18 12 1 2080
19 12 8 2080
20 12 15 2080
21 12 22 2080
22 12 29 2080
23 1 5 2081
24 1 12 2081
25 1 19 2081
26 1 26 2081
27 2 2 2081
28 2 9 2081
29 2 16 2081
30 2 23 2081
31 3 2 2081
32 3 9 2081
33 3 16 2081
34 3 23 2081
35 3 30 2081
36 4 6 2081
37 4 13 2081
38 4 20 2081
39 4 27 2081
40 5 4 2081
41 5 11 2081
42 5 18 2081
43 5 25 2081
44 6 1 2081
45 6 8 2081
46 6 15 2081
47 6 22 2081
48 6 29 2081
49 7 6 2081
50 7 13 2081
51 7 20 2081
52 7 27 2081
1 8 3 2081
2 8 10 2081
3 8 17 2081
4 8 24 2081
5 8 31 2081
6 9 7 2081
7 9 14 2081
8 9 21 2081
9 9 28 2081
10 10 5 2081
11 10 12 2081
12 10 19 2081
13 10 26 2081
14 11 2 2081
15 11 9 2081
16 11 16 2081
17 11 23 2081
18 11 30 2081
19 12 7 2081
20 12 14 2081
21 12 21 2081
22 12 28 2081
23 1 4 2082
24 1 11 2082
25 1 18 2082
26 1 25 2082
27 2 1 2082
28 2 8 2082
29 2 15 2082
30 2 22 2082
31 3 1 2082
32 3 8 2082
33 3 15 2082
34 3 22 2082
35 3 29 2082
36 4 5 2082
37 4 12 2082
38 4 19 2082
39 4 26 2082
40 5 3 2082
41 5 10 2082
42 5 17 2082
43 5 24 2082
44 5 31 2082
45 6 7 2082
46 6 14 2082
47 6 21 2082
48 6 28 2082
49 7 5 2082
50 7 12 2082
51 7 19 2082
52 7 26 2082
1 8 2 2082
2 8 9 2082
3 8 16 2082
4 8 23 2082
5 8 30 2082
6 9 6 2082
7 9 13 2082
8 9 20 2082
9 9 27 2082
10 10 4 2082
11 10 11 2082
12 10 18 2082
13 10 25 2082
14 11 1 2082
15 11 8 2082
16 11 15 2082
17 11 22 2082
18 11 29 2082
19 12 6 2082
20 12 13 2082
21 12 20 2082
22 12 27 2082
23 1 3 2083
24 1 10 2083
25 1 17 2083
26 1 24 2083
27 1 31 2083
28 2 7 2083
29 2 14 2083
30 2 21 2083
31 2 28 2083
32 3 7 2083
33 3 14 2083
34 3 21 2083
35 3 28 2083
36 4 4 2083
37 4 11 2083
38 4 18 2083
39 4 25 2083
40 5 2 2083
41 5 9 2083
42 5 16 2083
43 5 23 2083
44 5 30 2083
45 6 6 2083
46 6 13 2083
47 6 20 2083
48 6 27 2083
49 7 4 2083
50 7 11 2083
51 7 18 2083
52 7 25 2083
1 8 1 2083
2 8 8 2083
3 8 15 2083
4 8 22 2083
5 8 29 2083
6 9 5 2083
7 9 12 2083
8 9 19 2083
9 9 26 2083
10 10 3 2083
11 10 10 2083
12 10 17 2083
13 10 24 2083
14 10 31 2083
15 11 7 2083
16 11 14 2083
17 11 21 2083
18 11 28 2083
19 12 5 2083
20 12 12 2083
21 12 19 2083
22 12 26 2083
23 1 2 2084
24 1 9 2084
25 1 16 2084
26 1 23 2084
27 1 30 2084
28 2 6 2084
29 2 13 2084
30 2 20 2084
31 2 27 2084
32 3 5 2084
33 3 12 2084
34 3 19 2084
35 3 26 2084
36 4 2 2084
37 4 9 2084
38 4 16 2084
39 4 23 2084
40 4 30 2084
41 5 7 2084
42 5 14 2084
43 5 21 2084
44 5 28 2084
45 6 4 2084
46 6 11 2084
47 6 18 2084
48 6 25 2084
49 7 2 2084
50 7 9 2084
51 7 16 2084
52 7 23 2084
52 7 30 2084
1 8 6 2084
2 8 13 2084
3 8 20 2084
4 8 27 2084
5 9 3 2084
6 9 10 2084
7 9 17 2084
8 9 24 2084
9 10 1 2084
10 10 8 2084
11 10 15 2084
12 10 22 2084
13 10 29 2084
14 11 5 2084
15 11 12 2084
16 11 19 2084
17 11 26 2084
18 12 3 2084
19 12 10 2084
20 12 17 2084
21 12 24 2084
22 12 31 2084
23 1 7 2085
24 1 14 2085
25 1 21 2085
26 1 28 2085
27 2 4 2085
28 2 11 2085
29 2 18 2085
30 2 25 2085
31 3 4 2085
32 3 11 2085
33 3 18 2085
34 3 25 2085
35 4 1 2085
36 4 8 2085
37 4 15 2085
38 4 22 2085
39 4 29 2085
40 5 6 2085
41 5 13 2085
42 5 20 2085
43 5 27 2085
44 6 3 2085
45 6 10 2085
46 6 17 2085
47 6 24 2085
48 7 1 2085
49 7 8 2085
50 7 15 2085
51 7 22 2085
52 7 29 2085
1 8 5 2085
2 8 12 2085
3 8 19 2085
4 8 26 2085
5 9 2 2085
6 9 9 2085
7 9 16 2085
8 9 23 2085
9 9 30 2085
10 10 7 2085
11 10 14 2085
12 10 21 2085
13 10 28 2085
14 11 4 2085
15 11 11 2085
16 11 18 2085
17 11 25 2085
18 12 2 2085
19 12 9 2085
20 12 16 2085
21 12 23 2085
22 12 30 2085
23 1 6 2086
24 1 13 2086
25 1 20 2086
26 1 27 2086
27 2 3 2086
28 2 10 2086
29 2 17 2086
30 2 24 2086
31 3 3 2086
32 3 10 2086
33 3 17 2086
34 3 24 2086
35 3 31 2086
36 4 7 2086
37 4 14 2086
38 4 21 2086
39 4 28 2086
40 5 5 2086
41 5 12 2086
42 5 19 2086
43 5 26 2086
44 6 2 2086
45 6 9 2086
46 6 16 2086
47 6 23 2086
48 6 30 2086
49 7 7 2086
50 7 14 2086
51 7 21 2086
52 7 28 2086
1 8 4 2086
2 8 11 2086
3 8 18 2086
4 8 25 2086
5 9 1 2086
6 9 8 2086
7 9 15 2086
8 9 22 2086
9 9 29 2086
10 10 6 2086
11 10 13 2086
12 10 20 2086
13 10 27 2086
14 11 3 2086
15 11 10 2086
16 11 17 2086
17 11 24 2086
18 12 1 2086
19 12 8 2086
20 12 15 2086
21 12 22 2086
22 12 29 2086
23 1 5 2087
24 1 12 2087
25 1 19 2087
26 1 26 2087
27 2 2 2087
28 2 9 2087
29 2 16 2087
30 2 23 2087
31 3 2 2087
32 3 9 2087
33 3 16 2087
34 3 23 2087
35 3 30 2087
36 4 6 2087
37 4 13 2087
38 4 20 2087
39 4 27 2087
40 5 4 2087
41 5 11 2087
42 5 18 2087
43 5 25 2087
44 6 1 2087
45 6 8 2087
46 6 15 2087
47 6 22 2087
48 6 29 2087
49 7 6 2087
50 7 13 2087
51 7 20 2087
52 7 27 2087
1 8 3 2087
2 8 10 2087
3 8 17 2087
4 8 24 2087
5 8 31 2087
6 9 7 2087
7 9 14 2087
8 9 21 2087
9 9 28 2087
10 10 5 2087
11 10 12 2087
12 10 19 2087
13 10 26 2087
14 11 2 2087
15 11 9 2087
16 11 16 2087
17 11 23 2087
18 11 30 2087
19 12 7 2087
20 12 14 2087
21 12 21 2087
22 12 28 2087
23 1 4 2088
24 1 11 2088
25 1 18 2088
26 1 25 2088
27 2 1 2088
28 2 8 2088
29 2 15 2088
30 2 22 2088
31 2 29 2088
32 3 7 2088
33 3 14 2088
34 3 21 2088
35 3 28 2088
36 4 4 2088
37 4 11 2088
38 4 18 2088
39 4 25 2088
40 5 2 2088
41 5 9 2088
42 5 16 2088
43 5 23 2088
44 5 30 2088
45 6 6 2088
46 6 13 2088
47 6 20 2088
48 6 27 2088
49 7 4 2088
50 7 11 2088
51 7 18 2088
52 7 25 2088
1 8 1 2088
2 8 8 2088
3 8 15 2088
4 8 22 2088
5 8 29 2088
6 9 5 2088
7 9 12 2088
8 9 19 2088
9 9 26 2088
10 10 3 2088
11 10 10 2088
12 10 17 2088
13 10 24 2088
14 10 31 2088
15 11 7 2088
16 11 14 2088
17 11 21 2088
18 11 28 2088
19 12 5 2088
20 12 12 2088
21 12 19 2088
22 12 26 2088
23 1 2 2089
24 1 9 2089
25 1 16 2089
26 1 23 2089
27 1 30 2089
28 2 6 2089
29 2 13 2089
30 2 20 2089
31 2 27 2089
32 3 6 2089
33 3 13 2089
34 3 20 2089
35 3 27 2089
36 4 3 2089
37 4 10 2089
38 4 17 2089
39 4 24 2089
40 5 1 2089
41 5 8 2089
42 5 15 2089
43 5 22 2089
44 5 29 2089
45 6 5 2089
46 6 12 2089
47 6 19 2089
48 6 26 2089
49 7 3 2089
50 7 10 2089
51 7 17 2089
52 7 24 2089
52 7 31 2089
1 8 7 2089
2 8 14 2089
3 8 21 2089
4 8 28 2089
5 9 4 2089
6 9 11 2089
7 9 18 2089
8 9 25 2089
9 10 2 2089
10 10 9 2089
11 10 16 2089
12 10 23 2089
13 10 30 2089
14 11 6 2089
15 11 13 2089
16 11 20 2089
17 11 27 2089
18 12 4 2089
19 12 11 2089
20 12 18 2089
21 12 25 2089
22 1 1 2090
23 1 8 2090
24 1 15 2090
25 1 22 2090
26 1 29 2090
27 2 5 2090
28 2 12 2090
29 2 19 2090
30 2 26 2090
31 3 5 2090
32 3 12 2090
33 3 19 2090
34 3 26 2090
35 4 2 2090
36 4 9 2090
37 4 16 2090
38 4 23 2090
39 4 30 2090
40 5 7 2090
41 5 14 2090
42 5 21 2090
43 5 28 2090
44 6 4 2090
45 6 11 2090
46 6 18 2090
47 6 25 2090
48 7 2 2090
49 7 9 2090
50 7 16 2090
51 7 23 2090
52 7 30 2090
1 8 6 2090
2 8 13 2090
3 8 20 2090
4 8 27 2090
5 9 3 2090
6 9 10 2090
7 9 17 2090
8 9 24 2090
9 10 1 2090
10 10 8 2090
11 10 15 2090
12 10 22 2090
13 10 29 2090
14 11 5 2090
15 11 12 2090
16 11 19 2090
17 11 26 2090
18 12 3 2090
19 12 10 2090
20 12 17 2090
21 12 24 2090
22 12 31 2090
23 1 7 2091
24 1 14 2091
25 1 21 2091
26 1 28 2091
27 2 4 2091
28 2 11 2091
29 2 18 2091
30 2 25 2091
31 3 4 2091
32 3 11 2091
33 3 18 2091
34 3 25 2091
35 4 1 2091
36 4 8 2091
37 4 15 2091
38 4 22 2091
39 4 29 2091
40 5 6 2091
41 5 13 2091
42 5 20 2091
43 5 27 2091
44 6 3 2091
45 6 10 2091
46 6 17 2091
47 6 24 2091
48 7 1 2091
49 7 8 2091
50 7 15 2091
51 7 22 2091
52 7 29 2091
1 8 5 2091
2 8 12 2091
3 8 19 2091
4 8 26 2091
5 9 2 2091
6 9 9 2091
7 9 16 2091
8 9 23 2091
9 9 30 2091
10 10 7 2091
11 10 14 2091
12 10 21 2091
13 10 28 2091
14 11 4 2091
15 11 11 2091
16 11 18 2091
17 11 25 2091
18 12 2 2091
19 12 9 2091
20 12 16 2091
21 12 23 2091
22 12 30 2091
23 1 6 2092
24 1 13 2092
25 1 20 2092
26 1 27 2092
27 2 3 2092
28 2 10 2092
29 2 17 2092
30 2 24 2092
31 3 2 2092
32 3 9 2092
33 3 16 2092
34 3 23 2092
35 3 30 2092
36 4 6 2092
37 4 13 2092
38 4 20 2092
39 4 27 2092
40 5 4 2092
41 5 11 2092
42 5 18 2092
43 5 25 2092
44 6 1 2092
45 6 8 2092
46 6 15 2092
47 6 22 2092
48 6 29 2092
49 7 6 2092
50 7 13 2092
51 7 20 2092
52 7 27 2092
1 8 3 2092
2 8 10 2092
3 8 17 2092
4 8 24 2092
5 8 31 2092
6 9 7 2092
7 9 14 2092
8 9 21 2092
9 9 28 2092
10 10 5 2092
11 10 12 2092
12 10 19 2092
13 10 26 2092
14 11 2 2092
15 11 9 2092
16 11 16 2092
17 11 23 2092
18 11 30 2092
19 12 7 2092
20 12 14 2092
21 12 21 2092
22 12 28 2092
23 1 4 2093
24 1 11 2093
25 1 18 2093
26 1 25 2093
27 2 1 2093
28 2 8 2093
29 2 15 2093
30 2 22 2093
31 3 1 2093
32 3 8 2093
33 3 15 2093
34 3 22 2093
35 3 29 2093
36 4 5 2093
37 4 12 2093
38 4 19 2093
39 4 26 2093
40 5 3 2093
41 5 10 2093
42 5 17 2093
43 5 24 2093
44 5 31 2093
45 6 7 2093
46 6 14 2093
47 6 21 2093
48 6 28 2093
49 7 5 2093
50 7 12 2093
51 7 19 2093
52 7 26 2093
1 8 2 2093
2 8 9 2093
3 8 16 2093
4 8 23 2093
5 8 30 2093
6 9 6 2093
7 9 13 2093
8 9 20 2093
9 9 27 2093
10 10 4 2093
11 10 11 2093
12 10 18 2093
13 10 25 2093
14 11 1 2093
15 11 8 2093
16 11 15 2093
17 11 22 2093
18 11 29 2093
19 12 6 2093
20 12 13 2093
21 12 20 2093
22 12 27 2093
23 1 3 2094
24 1 10 2094
25 1 17 2094
26 1 24 2094
27 1 31 2094
28 2 7 2094
29 2 14 2094
30 2 21 2094
31 2 28 2094
32 3 7 2094
33 3 14 2094
34 3 21 2094
35 3 28 2094
36 4 4 2094
37 4 11 2094
38 4 18 2094
39 4 25 2094
40 5 2 2094
41 5 9 2094
42 5 16 2094
43 5 23 2094
44 5 30 2094
45 6 6 2094
46 6 13 2094
47 6 20 2094
48 6 27 2094
49 7 4 2094
50 7 11 2094
51 7 18 2094
52 7 25 2094
1 8 1 2094
2 8 8 2094
3 8 15 2094
4 8 22 2094
5 8 29 2094
6 9 5 2094
7 9 12 2094
8 9 19 2094
9 9 26 2094



