       1       1      14      42
       1      15      31      42
       2       1      14      42
       2      15      29      42
       3       1      14      42
       3      15      31      42
       4       1      14      64
       4      15      30      90
       5       1      14     130
       5      15      31     430
       6       1      14    1160
       6      15      30    1160
       7       1      14     500
       7      15      31     180
       8       1      14      75
       8      15      31      32
       9       1      14      32
       9      15      30      32
      10       1      14      45
      10      15      31      60
      11       1      14      60
      11      15      30      60
      12       1      14      51
      12      15      31      42
