       1       1      14     260
       1      15      31     260
       2       1      14     260
       2      15      29     260
       3       1      14     260
       3      15      31     260
       4       1      14     430
       4      15      30     650
       5       1      14    1000
       5      15      31    1500
       6       1      14    1500
       6      15      30    1500
       7       1      14    1500
       7      15      31     500
       8       1      14     325
       8      15      31     220
       9       1      14     220
       9      15      30     220
      10       1      14     260
      10      15      31     320
      11       1      14     320
      11      15      30     320
      12       1      14     290
      12      15      31     260
