       1       1      14     320
       1      15      31     320
       2       1      14     320
       2      15      29     320
       3       1      14     320
       3      15      31     320
       4       1      14     330
       4      15      30     340
       5       1      14     350
       5      15      31     500
       6       1      14     500
       6      15      30     500
       7       1      14     420
       7      15      31     350
       8       1      14     320
       8      15      31     300
       9       1      14     300
       9      15      30     300
      10       1      14     330
      10      15      31     370
      11       1      14     370
      11      15      30     320
      12       1      14     320
      12      15      31     320
