Weeks_final Months Days Years
1 8 6 1950
2 8 13 1950
3 8 20 1950
4 8 27 1950
5 9 3 1950
6 9 10 1950
7 9 17 1950
8 9 24 1950
9 10 1 1950
10 10 8 1950
11 10 15 1950
12 10 22 1950
13 10 29 1950
14 11 5 1950
15 11 12 1950
16 11 19 1950
17 11 26 1950
18 12 3 1950
19 12 10 1950
20 12 17 1950
21 12 24 1950
22 12 31 1950
23 1 7 1951
24 1 14 1951
25 1 21 1951
26 1 28 1951
27 2 4 1951
28 2 11 1951
29 2 18 1951
30 2 25 1951
31 3 4 1951
32 3 11 1951
33 3 18 1951
34 3 25 1951
35 4 1 1951
36 4 8 1951
37 4 15 1951
38 4 22 1951
39 4 29 1951
40 5 6 1951
41 5 13 1951
42 5 20 1951
43 5 27 1951
44 6 3 1951
45 6 10 1951
46 6 17 1951
47 6 24 1951
48 7 1 1951
49 7 8 1951
50 7 15 1951
51 7 22 1951
52 7 29 1951
1 8 5 1951
2 8 12 1951
3 8 19 1951
4 8 26 1951
5 9 2 1951
6 9 9 1951
7 9 16 1951
8 9 23 1951
9 9 30 1951
10 10 7 1951
11 10 14 1951
12 10 21 1951
13 10 28 1951
14 11 4 1951
15 11 11 1951
16 11 18 1951
17 11 25 1951
18 12 2 1951
19 12 9 1951
20 12 16 1951
21 12 23 1951
22 12 30 1951
23 1 6 1952
24 1 13 1952
25 1 20 1952
26 1 27 1952
27 2 3 1952
28 2 10 1952
29 2 17 1952
30 2 24 1952
31 3 2 1952
32 3 9 1952
33 3 16 1952
34 3 23 1952
35 3 30 1952
36 4 6 1952
37 4 13 1952
38 4 20 1952
39 4 27 1952
40 5 4 1952
41 5 11 1952
42 5 18 1952
43 5 25 1952
44 6 1 1952
45 6 8 1952
46 6 15 1952
47 6 22 1952
48 6 29 1952
49 7 6 1952
50 7 13 1952
51 7 20 1952
52 7 27 1952
1 8 3 1952
2 8 10 1952
3 8 17 1952
4 8 24 1952
5 8 31 1952
6 9 7 1952
7 9 14 1952
8 9 21 1952
9 9 28 1952
10 10 5 1952
11 10 12 1952
12 10 19 1952
13 10 26 1952
14 11 2 1952
15 11 9 1952
16 11 16 1952
17 11 23 1952
18 11 30 1952
19 12 7 1952
20 12 14 1952
21 12 21 1952
22 12 28 1952
23 1 4 1953
24 1 11 1953
25 1 18 1953
26 1 25 1953
27 2 1 1953
28 2 8 1953
29 2 15 1953
30 2 22 1953
31 3 1 1953
32 3 8 1953
33 3 15 1953
34 3 22 1953
35 3 29 1953
36 4 5 1953
37 4 12 1953
38 4 19 1953
39 4 26 1953
40 5 3 1953
41 5 10 1953
42 5 17 1953
43 5 24 1953
44 5 31 1953
45 6 7 1953
46 6 14 1953
47 6 21 1953
48 6 28 1953
49 7 5 1953
50 7 12 1953
51 7 19 1953
52 7 26 1953
1 8 2 1953
2 8 9 1953
3 8 16 1953
4 8 23 1953
5 8 30 1953
6 9 6 1953
7 9 13 1953
8 9 20 1953
9 9 27 1953
10 10 4 1953
11 10 11 1953
12 10 18 1953
13 10 25 1953
14 11 1 1953
15 11 8 1953
16 11 15 1953
17 11 22 1953
18 11 29 1953
19 12 6 1953
20 12 13 1953
21 12 20 1953
22 12 27 1953
23 1 3 1954
24 1 10 1954
25 1 17 1954
26 1 24 1954
27 1 31 1954
28 2 7 1954
29 2 14 1954
30 2 21 1954
31 2 28 1954
32 3 7 1954
33 3 14 1954
34 3 21 1954
35 3 28 1954
36 4 4 1954
37 4 11 1954
38 4 18 1954
39 4 25 1954
40 5 2 1954
41 5 9 1954
42 5 16 1954
43 5 23 1954
44 5 30 1954
45 6 6 1954
46 6 13 1954
47 6 20 1954
48 6 27 1954
49 7 4 1954
50 7 11 1954
51 7 18 1954
52 7 25 1954
1 8 1 1954
2 8 8 1954
3 8 15 1954
4 8 22 1954
5 8 29 1954
6 9 5 1954
7 9 12 1954
8 9 19 1954
9 9 26 1954
10 10 3 1954
11 10 10 1954
12 10 17 1954
13 10 24 1954
14 10 31 1954
15 11 7 1954
16 11 14 1954
17 11 21 1954
18 11 28 1954
19 12 5 1954
20 12 12 1954
21 12 19 1954
22 12 26 1954
23 1 2 1955
24 1 9 1955
25 1 16 1955
26 1 23 1955
27 1 30 1955
28 2 6 1955
29 2 13 1955
30 2 20 1955
31 2 27 1955
32 3 6 1955
33 3 13 1955
34 3 20 1955
35 3 27 1955
36 4 3 1955
37 4 10 1955
38 4 17 1955
39 4 24 1955
40 5 1 1955
41 5 8 1955
42 5 15 1955
43 5 22 1955
44 5 29 1955
45 6 5 1955
46 6 12 1955
47 6 19 1955
48 6 26 1955
49 7 3 1955
50 7 10 1955
51 7 17 1955
52 7 24 1955
52 7 31 1955
1 8 7 1955
2 8 14 1955
3 8 21 1955
4 8 28 1955
5 9 4 1955
6 9 11 1955
7 9 18 1955
8 9 25 1955
9 10 2 1955
10 10 9 1955
11 10 16 1955
12 10 23 1955
13 10 30 1955
14 11 6 1955
15 11 13 1955
16 11 20 1955
17 11 27 1955
18 12 4 1955
19 12 11 1955
20 12 18 1955
21 12 25 1955
22 1 1 1956
23 1 8 1956
24 1 15 1956
25 1 22 1956
26 1 29 1956
27 2 5 1956
28 2 12 1956
29 2 19 1956
30 2 26 1956
31 3 4 1956
32 3 11 1956
33 3 18 1956
34 3 25 1956
35 4 1 1956
36 4 8 1956
37 4 15 1956
38 4 22 1956
39 4 29 1956
40 5 6 1956
41 5 13 1956
42 5 20 1956
43 5 27 1956
44 6 3 1956
45 6 10 1956
46 6 17 1956
47 6 24 1956
48 7 1 1956
49 7 8 1956
50 7 15 1956
51 7 22 1956
52 7 29 1956
1 8 5 1956
2 8 12 1956
3 8 19 1956
4 8 26 1956
5 9 2 1956
6 9 9 1956
7 9 16 1956
8 9 23 1956
9 9 30 1956
10 10 7 1956
11 10 14 1956
12 10 21 1956
13 10 28 1956
14 11 4 1956
15 11 11 1956
16 11 18 1956
17 11 25 1956
18 12 2 1956
19 12 9 1956
20 12 16 1956
21 12 23 1956
22 12 30 1956
23 1 6 1957
24 1 13 1957
25 1 20 1957
26 1 27 1957
27 2 3 1957
28 2 10 1957
29 2 17 1957
30 2 24 1957
31 3 3 1957
32 3 10 1957
33 3 17 1957
34 3 24 1957
35 3 31 1957
36 4 7 1957
37 4 14 1957
38 4 21 1957
39 4 28 1957
40 5 5 1957
41 5 12 1957
42 5 19 1957
43 5 26 1957
44 6 2 1957
45 6 9 1957
46 6 16 1957
47 6 23 1957
48 6 30 1957
49 7 7 1957
50 7 14 1957
51 7 21 1957
52 7 28 1957
1 8 4 1957
2 8 11 1957
3 8 18 1957
4 8 25 1957
5 9 1 1957
6 9 8 1957
7 9 15 1957
8 9 22 1957
9 9 29 1957
10 10 6 1957
11 10 13 1957
12 10 20 1957
13 10 27 1957
14 11 3 1957
15 11 10 1957
16 11 17 1957
17 11 24 1957
18 12 1 1957
19 12 8 1957
20 12 15 1957
21 12 22 1957
22 12 29 1957
23 1 5 1958
24 1 12 1958
25 1 19 1958
26 1 26 1958
27 2 2 1958
28 2 9 1958
29 2 16 1958
30 2 23 1958
31 3 2 1958
32 3 9 1958
33 3 16 1958
34 3 23 1958
35 3 30 1958
36 4 6 1958
37 4 13 1958
38 4 20 1958
39 4 27 1958
40 5 4 1958
41 5 11 1958
42 5 18 1958
43 5 25 1958
44 6 1 1958
45 6 8 1958
46 6 15 1958
47 6 22 1958
48 6 29 1958
49 7 6 1958
50 7 13 1958
51 7 20 1958
52 7 27 1958
1 8 3 1958
2 8 10 1958
3 8 17 1958
4 8 24 1958
5 8 31 1958
6 9 7 1958
7 9 14 1958
8 9 21 1958
9 9 28 1958
10 10 5 1958
11 10 12 1958
12 10 19 1958
13 10 26 1958
14 11 2 1958
15 11 9 1958
16 11 16 1958
17 11 23 1958
18 11 30 1958
19 12 7 1958
20 12 14 1958
21 12 21 1958
22 12 28 1958
23 1 4 1959
24 1 11 1959
25 1 18 1959
26 1 25 1959
27 2 1 1959
28 2 8 1959
29 2 15 1959
30 2 22 1959
31 3 1 1959
32 3 8 1959
33 3 15 1959
34 3 22 1959
35 3 29 1959
36 4 5 1959
37 4 12 1959
38 4 19 1959
39 4 26 1959
40 5 3 1959
41 5 10 1959
42 5 17 1959
43 5 24 1959
44 5 31 1959
45 6 7 1959
46 6 14 1959
47 6 21 1959
48 6 28 1959
49 7 5 1959
50 7 12 1959
51 7 19 1959
52 7 26 1959
1 8 2 1959
2 8 9 1959
3 8 16 1959
4 8 23 1959
5 8 30 1959
6 9 6 1959
7 9 13 1959
8 9 20 1959
9 9 27 1959
10 10 4 1959
11 10 11 1959
12 10 18 1959
13 10 25 1959
14 11 1 1959
15 11 8 1959
16 11 15 1959
17 11 22 1959
18 11 29 1959
19 12 6 1959
20 12 13 1959
21 12 20 1959
22 12 27 1959
23 1 3 1960
24 1 10 1960
25 1 17 1960
26 1 24 1960
27 1 31 1960
28 2 7 1960
29 2 14 1960
30 2 21 1960
31 2 28 1960
32 3 6 1960
33 3 13 1960
34 3 20 1960
35 3 27 1960
36 4 3 1960
37 4 10 1960
38 4 17 1960
39 4 24 1960
40 5 1 1960
41 5 8 1960
42 5 15 1960
43 5 22 1960
44 5 29 1960
45 6 5 1960
46 6 12 1960
47 6 19 1960
48 6 26 1960
49 7 3 1960
50 7 10 1960
51 7 17 1960
52 7 24 1960
52 7 31 1960
1 8 7 1960
2 8 14 1960
3 8 21 1960
4 8 28 1960
5 9 4 1960
6 9 11 1960
7 9 18 1960
8 9 25 1960
9 10 2 1960
10 10 9 1960
11 10 16 1960
12 10 23 1960
13 10 30 1960
14 11 6 1960
15 11 13 1960
16 11 20 1960
17 11 27 1960
18 12 4 1960
19 12 11 1960
20 12 18 1960
21 12 25 1960
22 1 1 1961
23 1 8 1961
24 1 15 1961
25 1 22 1961
26 1 29 1961
27 2 5 1961
28 2 12 1961
29 2 19 1961
30 2 26 1961
31 3 5 1961
32 3 12 1961
33 3 19 1961
34 3 26 1961
35 4 2 1961
36 4 9 1961
37 4 16 1961
38 4 23 1961
39 4 30 1961
40 5 7 1961
41 5 14 1961
42 5 21 1961
43 5 28 1961
44 6 4 1961
45 6 11 1961
46 6 18 1961
47 6 25 1961
48 7 2 1961
49 7 9 1961
50 7 16 1961
51 7 23 1961
52 7 30 1961
1 8 6 1961
2 8 13 1961
3 8 20 1961
4 8 27 1961
5 9 3 1961
6 9 10 1961
7 9 17 1961
8 9 24 1961
9 10 1 1961
10 10 8 1961
11 10 15 1961
12 10 22 1961
13 10 29 1961
14 11 5 1961
15 11 12 1961
16 11 19 1961
17 11 26 1961
18 12 3 1961
19 12 10 1961
20 12 17 1961
21 12 24 1961
22 12 31 1961
23 1 7 1962
24 1 14 1962
25 1 21 1962
26 1 28 1962
27 2 4 1962
28 2 11 1962
29 2 18 1962
30 2 25 1962
31 3 4 1962
32 3 11 1962
33 3 18 1962
34 3 25 1962
35 4 1 1962
36 4 8 1962
37 4 15 1962
38 4 22 1962
39 4 29 1962
40 5 6 1962
41 5 13 1962
42 5 20 1962
43 5 27 1962
44 6 3 1962
45 6 10 1962
46 6 17 1962
47 6 24 1962
48 7 1 1962
49 7 8 1962
50 7 15 1962
51 7 22 1962
52 7 29 1962
1 8 5 1962
2 8 12 1962
3 8 19 1962
4 8 26 1962
5 9 2 1962
6 9 9 1962
7 9 16 1962
8 9 23 1962
9 9 30 1962
10 10 7 1962
11 10 14 1962
12 10 21 1962
13 10 28 1962
14 11 4 1962
15 11 11 1962
16 11 18 1962
17 11 25 1962
18 12 2 1962
19 12 9 1962
20 12 16 1962
21 12 23 1962
22 12 30 1962
23 1 6 1963
24 1 13 1963
25 1 20 1963
26 1 27 1963
27 2 3 1963
28 2 10 1963
29 2 17 1963
30 2 24 1963
31 3 3 1963
32 3 10 1963
33 3 17 1963
34 3 24 1963
35 3 31 1963
36 4 7 1963
37 4 14 1963
38 4 21 1963
39 4 28 1963
40 5 5 1963
41 5 12 1963
42 5 19 1963
43 5 26 1963
44 6 2 1963
45 6 9 1963
46 6 16 1963
47 6 23 1963
48 6 30 1963
49 7 7 1963
50 7 14 1963
51 7 21 1963
52 7 28 1963
1 8 4 1963
2 8 11 1963
3 8 18 1963
4 8 25 1963
5 9 1 1963
6 9 8 1963
7 9 15 1963
8 9 22 1963
9 9 29 1963
10 10 6 1963
11 10 13 1963
12 10 20 1963
13 10 27 1963
14 11 3 1963
15 11 10 1963
16 11 17 1963
17 11 24 1963
18 12 1 1963
19 12 8 1963
20 12 15 1963
21 12 22 1963
22 12 29 1963
23 1 5 1964
24 1 12 1964
25 1 19 1964
26 1 26 1964
27 2 2 1964
28 2 9 1964
29 2 16 1964
30 2 23 1964
31 3 1 1964
32 3 8 1964
33 3 15 1964
34 3 22 1964
35 3 29 1964
36 4 5 1964
37 4 12 1964
38 4 19 1964
39 4 26 1964
40 5 3 1964
41 5 10 1964
42 5 17 1964
43 5 24 1964
44 5 31 1964
45 6 7 1964
46 6 14 1964
47 6 21 1964
48 6 28 1964
49 7 5 1964
50 7 12 1964
51 7 19 1964
52 7 26 1964
1 8 2 1964
2 8 9 1964
3 8 16 1964
4 8 23 1964
5 8 30 1964
6 9 6 1964
7 9 13 1964
8 9 20 1964
9 9 27 1964
10 10 4 1964
11 10 11 1964
12 10 18 1964
13 10 25 1964
14 11 1 1964
15 11 8 1964
16 11 15 1964
17 11 22 1964
18 11 29 1964
19 12 6 1964
20 12 13 1964
21 12 20 1964
22 12 27 1964
23 1 3 1965
24 1 10 1965
25 1 17 1965
26 1 24 1965
27 1 31 1965
28 2 7 1965
29 2 14 1965
30 2 21 1965
31 2 28 1965
32 3 7 1965
33 3 14 1965
34 3 21 1965
35 3 28 1965
36 4 4 1965
37 4 11 1965
38 4 18 1965
39 4 25 1965
40 5 2 1965
41 5 9 1965
42 5 16 1965
43 5 23 1965
44 5 30 1965
45 6 6 1965
46 6 13 1965
47 6 20 1965
48 6 27 1965
49 7 4 1965
50 7 11 1965
51 7 18 1965
52 7 25 1965
1 8 1 1965
2 8 8 1965
3 8 15 1965
4 8 22 1965
5 8 29 1965
6 9 5 1965
7 9 12 1965
8 9 19 1965
9 9 26 1965
10 10 3 1965
11 10 10 1965
12 10 17 1965
13 10 24 1965
14 10 31 1965
15 11 7 1965
16 11 14 1965
17 11 21 1965
18 11 28 1965
19 12 5 1965
20 12 12 1965
21 12 19 1965
22 12 26 1965
23 1 2 1966
24 1 9 1966
25 1 16 1966
26 1 23 1966
27 1 30 1966
28 2 6 1966
29 2 13 1966
30 2 20 1966
31 2 27 1966
32 3 6 1966
33 3 13 1966
34 3 20 1966
35 3 27 1966
36 4 3 1966
37 4 10 1966
38 4 17 1966
39 4 24 1966
40 5 1 1966
41 5 8 1966
42 5 15 1966
43 5 22 1966
44 5 29 1966
45 6 5 1966
46 6 12 1966
47 6 19 1966
48 6 26 1966
49 7 3 1966
50 7 10 1966
51 7 17 1966
52 7 24 1966
52 7 31 1966
1 8 7 1966
2 8 14 1966
3 8 21 1966
4 8 28 1966
5 9 4 1966
6 9 11 1966
7 9 18 1966
8 9 25 1966
9 10 2 1966
10 10 9 1966
11 10 16 1966
12 10 23 1966
13 10 30 1966
14 11 6 1966
15 11 13 1966
16 11 20 1966
17 11 27 1966
18 12 4 1966
19 12 11 1966
20 12 18 1966
21 12 25 1966
22 1 1 1967
23 1 8 1967
24 1 15 1967
25 1 22 1967
26 1 29 1967
27 2 5 1967
28 2 12 1967
29 2 19 1967
30 2 26 1967
31 3 5 1967
32 3 12 1967
33 3 19 1967
34 3 26 1967
35 4 2 1967
36 4 9 1967
37 4 16 1967
38 4 23 1967
39 4 30 1967
40 5 7 1967
41 5 14 1967
42 5 21 1967
43 5 28 1967
44 6 4 1967
45 6 11 1967
46 6 18 1967
47 6 25 1967
48 7 2 1967
49 7 9 1967
50 7 16 1967
51 7 23 1967
52 7 30 1967
1 8 6 1967
2 8 13 1967
3 8 20 1967
4 8 27 1967
5 9 3 1967
6 9 10 1967
7 9 17 1967
8 9 24 1967
9 10 1 1967
10 10 8 1967
11 10 15 1967
12 10 22 1967
13 10 29 1967
14 11 5 1967
15 11 12 1967
16 11 19 1967
17 11 26 1967
18 12 3 1967
19 12 10 1967
20 12 17 1967
21 12 24 1967
22 12 31 1967
23 1 7 1968
24 1 14 1968
25 1 21 1968
26 1 28 1968
27 2 4 1968
28 2 11 1968
29 2 18 1968
30 2 25 1968
31 3 3 1968
32 3 10 1968
33 3 17 1968
34 3 24 1968
35 3 31 1968
36 4 7 1968
37 4 14 1968
38 4 21 1968
39 4 28 1968
40 5 5 1968
41 5 12 1968
42 5 19 1968
43 5 26 1968
44 6 2 1968
45 6 9 1968
46 6 16 1968
47 6 23 1968
48 6 30 1968
49 7 7 1968
50 7 14 1968
51 7 21 1968
52 7 28 1968
1 8 4 1968
2 8 11 1968
3 8 18 1968
4 8 25 1968
5 9 1 1968
6 9 8 1968
7 9 15 1968
8 9 22 1968
9 9 29 1968
10 10 6 1968
11 10 13 1968
12 10 20 1968
13 10 27 1968
14 11 3 1968
15 11 10 1968
16 11 17 1968
17 11 24 1968
18 12 1 1968
19 12 8 1968
20 12 15 1968
21 12 22 1968
22 12 29 1968
23 1 5 1969
24 1 12 1969
25 1 19 1969
26 1 26 1969
27 2 2 1969
28 2 9 1969
29 2 16 1969
30 2 23 1969
31 3 2 1969
32 3 9 1969
33 3 16 1969
34 3 23 1969
35 3 30 1969
36 4 6 1969
37 4 13 1969
38 4 20 1969
39 4 27 1969
40 5 4 1969
41 5 11 1969
42 5 18 1969
43 5 25 1969
44 6 1 1969
45 6 8 1969
46 6 15 1969
47 6 22 1969
48 6 29 1969
49 7 6 1969
50 7 13 1969
51 7 20 1969
52 7 27 1969
1 8 3 1969
2 8 10 1969
3 8 17 1969
4 8 24 1969
5 8 31 1969
6 9 7 1969
7 9 14 1969
8 9 21 1969
9 9 28 1969
10 10 5 1969
11 10 12 1969
12 10 19 1969
13 10 26 1969
14 11 2 1969
15 11 9 1969
16 11 16 1969
17 11 23 1969
18 11 30 1969
19 12 7 1969
20 12 14 1969
21 12 21 1969
22 12 28 1969
23 1 4 1970
24 1 11 1970
25 1 18 1970
26 1 25 1970
27 2 1 1970
28 2 8 1970
29 2 15 1970
30 2 22 1970
31 3 1 1970
32 3 8 1970
33 3 15 1970
34 3 22 1970
35 3 29 1970
36 4 5 1970
37 4 12 1970
38 4 19 1970
39 4 26 1970
40 5 3 1970
41 5 10 1970
42 5 17 1970
43 5 24 1970
44 5 31 1970
45 6 7 1970
46 6 14 1970
47 6 21 1970
48 6 28 1970
49 7 5 1970
50 7 12 1970
51 7 19 1970
52 7 26 1970
1 8 2 1970
2 8 9 1970
3 8 16 1970
4 8 23 1970
5 8 30 1970
6 9 6 1970
7 9 13 1970
8 9 20 1970
9 9 27 1970
10 10 4 1970
11 10 11 1970
12 10 18 1970
13 10 25 1970
14 11 1 1970
15 11 8 1970
16 11 15 1970
17 11 22 1970
18 11 29 1970
19 12 6 1970
20 12 13 1970
21 12 20 1970
22 12 27 1970
23 1 3 1971
24 1 10 1971
25 1 17 1971
26 1 24 1971
27 1 31 1971
28 2 7 1971
29 2 14 1971
30 2 21 1971
31 2 28 1971
32 3 7 1971
33 3 14 1971
34 3 21 1971
35 3 28 1971
36 4 4 1971
37 4 11 1971
38 4 18 1971
39 4 25 1971
40 5 2 1971
41 5 9 1971
42 5 16 1971
43 5 23 1971
44 5 30 1971
45 6 6 1971
46 6 13 1971
47 6 20 1971
48 6 27 1971
49 7 4 1971
50 7 11 1971
51 7 18 1971
52 7 25 1971
1 8 1 1971
2 8 8 1971
3 8 15 1971
4 8 22 1971
5 8 29 1971
6 9 5 1971
7 9 12 1971
8 9 19 1971
9 9 26 1971
10 10 3 1971
11 10 10 1971
12 10 17 1971
13 10 24 1971
14 10 31 1971
15 11 7 1971
16 11 14 1971
17 11 21 1971
18 11 28 1971
19 12 5 1971
20 12 12 1971
21 12 19 1971
22 12 26 1971
23 1 2 1972
24 1 9 1972
25 1 16 1972
26 1 23 1972
27 1 30 1972
28 2 6 1972
29 2 13 1972
30 2 20 1972
31 2 27 1972
32 3 5 1972
33 3 12 1972
34 3 19 1972
35 3 26 1972
36 4 2 1972
37 4 9 1972
38 4 16 1972
39 4 23 1972
40 4 30 1972
41 5 7 1972
42 5 14 1972
43 5 21 1972
44 5 28 1972
45 6 4 1972
46 6 11 1972
47 6 18 1972
48 6 25 1972
49 7 2 1972
50 7 9 1972
51 7 16 1972
52 7 23 1972
52 7 30 1972
1 8 6 1972
2 8 13 1972
3 8 20 1972
4 8 27 1972
5 9 3 1972
6 9 10 1972
7 9 17 1972
8 9 24 1972
9 10 1 1972
10 10 8 1972
11 10 15 1972
12 10 22 1972
13 10 29 1972
14 11 5 1972
15 11 12 1972
16 11 19 1972
17 11 26 1972
18 12 3 1972
19 12 10 1972
20 12 17 1972
21 12 24 1972
22 12 31 1972
23 1 7 1973
24 1 14 1973
25 1 21 1973
26 1 28 1973
27 2 4 1973
28 2 11 1973
29 2 18 1973
30 2 25 1973
31 3 4 1973
32 3 11 1973
33 3 18 1973
34 3 25 1973
35 4 1 1973
36 4 8 1973
37 4 15 1973
38 4 22 1973
39 4 29 1973
40 5 6 1973
41 5 13 1973
42 5 20 1973
43 5 27 1973
44 6 3 1973
45 6 10 1973
46 6 17 1973
47 6 24 1973
48 7 1 1973
49 7 8 1973
50 7 15 1973
51 7 22 1973
52 7 29 1973
1 8 5 1973
2 8 12 1973
3 8 19 1973
4 8 26 1973
5 9 2 1973
6 9 9 1973
7 9 16 1973
8 9 23 1973
9 9 30 1973
10 10 7 1973
11 10 14 1973
12 10 21 1973
13 10 28 1973
14 11 4 1973
15 11 11 1973
16 11 18 1973
17 11 25 1973
18 12 2 1973
19 12 9 1973
20 12 16 1973
21 12 23 1973
22 12 30 1973
23 1 6 1974
24 1 13 1974
25 1 20 1974
26 1 27 1974
27 2 3 1974
28 2 10 1974
29 2 17 1974
30 2 24 1974
31 3 3 1974
32 3 10 1974
33 3 17 1974
34 3 24 1974
35 3 31 1974
36 4 7 1974
37 4 14 1974
38 4 21 1974
39 4 28 1974
40 5 5 1974
41 5 12 1974
42 5 19 1974
43 5 26 1974
44 6 2 1974
45 6 9 1974
46 6 16 1974
47 6 23 1974
48 6 30 1974
49 7 7 1974
50 7 14 1974
51 7 21 1974
52 7 28 1974
1 8 4 1974
2 8 11 1974
3 8 18 1974
4 8 25 1974
5 9 1 1974
6 9 8 1974
7 9 15 1974
8 9 22 1974
9 9 29 1974
10 10 6 1974
11 10 13 1974
12 10 20 1974
13 10 27 1974
14 11 3 1974
15 11 10 1974
16 11 17 1974
17 11 24 1974
18 12 1 1974
19 12 8 1974
20 12 15 1974
21 12 22 1974
22 12 29 1974
23 1 5 1975
24 1 12 1975
25 1 19 1975
26 1 26 1975
27 2 2 1975
28 2 9 1975
29 2 16 1975
30 2 23 1975
31 3 2 1975
32 3 9 1975
33 3 16 1975
34 3 23 1975
35 3 30 1975
36 4 6 1975
37 4 13 1975
38 4 20 1975
39 4 27 1975
40 5 4 1975
41 5 11 1975
42 5 18 1975
43 5 25 1975
44 6 1 1975
45 6 8 1975
46 6 15 1975
47 6 22 1975
48 6 29 1975
49 7 6 1975
50 7 13 1975
51 7 20 1975
52 7 27 1975
1 8 3 1975
2 8 10 1975
3 8 17 1975
4 8 24 1975
5 8 31 1975
6 9 7 1975
7 9 14 1975
8 9 21 1975
9 9 28 1975
10 10 5 1975
11 10 12 1975
12 10 19 1975
13 10 26 1975
14 11 2 1975
15 11 9 1975
16 11 16 1975
17 11 23 1975
18 11 30 1975
19 12 7 1975
20 12 14 1975
21 12 21 1975
22 12 28 1975
23 1 4 1976
24 1 11 1976
25 1 18 1976
26 1 25 1976
27 2 1 1976
28 2 8 1976
29 2 15 1976
30 2 22 1976
31 2 29 1976
32 3 7 1976
33 3 14 1976
34 3 21 1976
35 3 28 1976
36 4 4 1976
37 4 11 1976
38 4 18 1976
39 4 25 1976
40 5 2 1976
41 5 9 1976
42 5 16 1976
43 5 23 1976
44 5 30 1976
45 6 6 1976
46 6 13 1976
47 6 20 1976
48 6 27 1976
49 7 4 1976
50 7 11 1976
51 7 18 1976
52 7 25 1976
1 8 1 1976
2 8 8 1976
3 8 15 1976
4 8 22 1976
5 8 29 1976
6 9 5 1976
7 9 12 1976
8 9 19 1976
9 9 26 1976
10 10 3 1976
11 10 10 1976
12 10 17 1976
13 10 24 1976
14 10 31 1976
15 11 7 1976
16 11 14 1976
17 11 21 1976
18 11 28 1976
19 12 5 1976
20 12 12 1976
21 12 19 1976
22 12 26 1976
23 1 2 1977
24 1 9 1977
25 1 16 1977
26 1 23 1977
27 1 30 1977
28 2 6 1977
29 2 13 1977
30 2 20 1977
31 2 27 1977
32 3 6 1977
33 3 13 1977
34 3 20 1977
35 3 27 1977
36 4 3 1977
37 4 10 1977
38 4 17 1977
39 4 24 1977
40 5 1 1977
41 5 8 1977
42 5 15 1977
43 5 22 1977
44 5 29 1977
45 6 5 1977
46 6 12 1977
47 6 19 1977
48 6 26 1977
49 7 3 1977
50 7 10 1977
51 7 17 1977
52 7 24 1977
52 7 31 1977
1 8 7 1977
2 8 14 1977
3 8 21 1977
4 8 28 1977
5 9 4 1977
6 9 11 1977
7 9 18 1977
8 9 25 1977
9 10 2 1977
10 10 9 1977
11 10 16 1977
12 10 23 1977
13 10 30 1977
14 11 6 1977
15 11 13 1977
16 11 20 1977
17 11 27 1977
18 12 4 1977
19 12 11 1977
20 12 18 1977
21 12 25 1977
22 1 1 1978
23 1 8 1978
24 1 15 1978
25 1 22 1978
26 1 29 1978
27 2 5 1978
28 2 12 1978
29 2 19 1978
30 2 26 1978
31 3 5 1978
32 3 12 1978
33 3 19 1978
34 3 26 1978
35 4 2 1978
36 4 9 1978
37 4 16 1978
38 4 23 1978
39 4 30 1978
40 5 7 1978
41 5 14 1978
42 5 21 1978
43 5 28 1978
44 6 4 1978
45 6 11 1978
46 6 18 1978
47 6 25 1978
48 7 2 1978
49 7 9 1978
50 7 16 1978
51 7 23 1978
52 7 30 1978
1 8 6 1978
2 8 13 1978
3 8 20 1978
4 8 27 1978
5 9 3 1978
6 9 10 1978
7 9 17 1978
8 9 24 1978
9 10 1 1978
10 10 8 1978
11 10 15 1978
12 10 22 1978
13 10 29 1978
14 11 5 1978
15 11 12 1978
16 11 19 1978
17 11 26 1978
18 12 3 1978
19 12 10 1978
20 12 17 1978
21 12 24 1978
22 12 31 1978
23 1 7 1979
24 1 14 1979
25 1 21 1979
26 1 28 1979
27 2 4 1979
28 2 11 1979
29 2 18 1979
30 2 25 1979
31 3 4 1979
32 3 11 1979
33 3 18 1979
34 3 25 1979
35 4 1 1979
36 4 8 1979
37 4 15 1979
38 4 22 1979
39 4 29 1979
40 5 6 1979
41 5 13 1979
42 5 20 1979
43 5 27 1979
44 6 3 1979
45 6 10 1979
46 6 17 1979
47 6 24 1979
48 7 1 1979
49 7 8 1979
50 7 15 1979
51 7 22 1979
52 7 29 1979
1 8 5 1979
2 8 12 1979
3 8 19 1979
4 8 26 1979
5 9 2 1979
6 9 9 1979
7 9 16 1979
8 9 23 1979
9 9 30 1979
10 10 7 1979
11 10 14 1979
12 10 21 1979
13 10 28 1979
14 11 4 1979
15 11 11 1979
16 11 18 1979
17 11 25 1979
18 12 2 1979
19 12 9 1979
20 12 16 1979
21 12 23 1979
22 12 30 1979
23 1 6 1980
24 1 13 1980
25 1 20 1980
26 1 27 1980
27 2 3 1980
28 2 10 1980
29 2 17 1980
30 2 24 1980
31 3 2 1980
32 3 9 1980
33 3 16 1980
34 3 23 1980
35 3 30 1980
36 4 6 1980
37 4 13 1980
38 4 20 1980
39 4 27 1980
40 5 4 1980
41 5 11 1980
42 5 18 1980
43 5 25 1980
44 6 1 1980
45 6 8 1980
46 6 15 1980
47 6 22 1980
48 6 29 1980
49 7 6 1980
50 7 13 1980
51 7 20 1980
52 7 27 1980
1 8 3 1980
2 8 10 1980
3 8 17 1980
4 8 24 1980
5 8 31 1980
6 9 7 1980
7 9 14 1980
8 9 21 1980
9 9 28 1980
10 10 5 1980
11 10 12 1980
12 10 19 1980
13 10 26 1980
14 11 2 1980
15 11 9 1980
16 11 16 1980
17 11 23 1980
18 11 30 1980
19 12 7 1980
20 12 14 1980
21 12 21 1980
22 12 28 1980
23 1 4 1981
24 1 11 1981
25 1 18 1981
26 1 25 1981
27 2 1 1981
28 2 8 1981
29 2 15 1981
30 2 22 1981
31 3 1 1981
32 3 8 1981
33 3 15 1981
34 3 22 1981
35 3 29 1981
36 4 5 1981
37 4 12 1981
38 4 19 1981
39 4 26 1981
40 5 3 1981
41 5 10 1981
42 5 17 1981
43 5 24 1981
44 5 31 1981
45 6 7 1981
46 6 14 1981
47 6 21 1981
48 6 28 1981
49 7 5 1981
50 7 12 1981
51 7 19 1981
52 7 26 1981
1 8 2 1981
2 8 9 1981
3 8 16 1981
4 8 23 1981
5 8 30 1981
6 9 6 1981
7 9 13 1981
8 9 20 1981
9 9 27 1981
10 10 4 1981
11 10 11 1981
12 10 18 1981
13 10 25 1981
14 11 1 1981
15 11 8 1981
16 11 15 1981
17 11 22 1981
18 11 29 1981
19 12 6 1981
20 12 13 1981
21 12 20 1981
22 12 27 1981
23 1 3 1982
24 1 10 1982
25 1 17 1982
26 1 24 1982
27 1 31 1982
28 2 7 1982
29 2 14 1982
30 2 21 1982
31 2 28 1982
32 3 7 1982
33 3 14 1982
34 3 21 1982
35 3 28 1982
36 4 4 1982
37 4 11 1982
38 4 18 1982
39 4 25 1982
40 5 2 1982
41 5 9 1982
42 5 16 1982
43 5 23 1982
44 5 30 1982
45 6 6 1982
46 6 13 1982
47 6 20 1982
48 6 27 1982
49 7 4 1982
50 7 11 1982
51 7 18 1982
52 7 25 1982
1 8 1 1982
2 8 8 1982
3 8 15 1982
4 8 22 1982
5 8 29 1982
6 9 5 1982
7 9 12 1982
8 9 19 1982
9 9 26 1982
10 10 3 1982
11 10 10 1982
12 10 17 1982
13 10 24 1982
14 10 31 1982
15 11 7 1982
16 11 14 1982
17 11 21 1982
18 11 28 1982
19 12 5 1982
20 12 12 1982
21 12 19 1982
22 12 26 1982
23 1 2 1983
24 1 9 1983
25 1 16 1983
26 1 23 1983
27 1 30 1983
28 2 6 1983
29 2 13 1983
30 2 20 1983
31 2 27 1983
32 3 6 1983
33 3 13 1983
34 3 20 1983
35 3 27 1983
36 4 3 1983
37 4 10 1983
38 4 17 1983
39 4 24 1983
40 5 1 1983
41 5 8 1983
42 5 15 1983
43 5 22 1983
44 5 29 1983
45 6 5 1983
46 6 12 1983
47 6 19 1983
48 6 26 1983
49 7 3 1983
50 7 10 1983
51 7 17 1983
52 7 24 1983
52 7 31 1983
1 8 7 1983
2 8 14 1983
3 8 21 1983
4 8 28 1983
5 9 4 1983
6 9 11 1983
7 9 18 1983
8 9 25 1983
9 10 2 1983
10 10 9 1983
11 10 16 1983
12 10 23 1983
13 10 30 1983
14 11 6 1983
15 11 13 1983
16 11 20 1983
17 11 27 1983
18 12 4 1983
19 12 11 1983
20 12 18 1983
21 12 25 1983
22 1 1 1984
23 1 8 1984
24 1 15 1984
25 1 22 1984
26 1 29 1984
27 2 5 1984
28 2 12 1984
29 2 19 1984
30 2 26 1984
31 3 4 1984
32 3 11 1984
33 3 18 1984
34 3 25 1984
35 4 1 1984
36 4 8 1984
37 4 15 1984
38 4 22 1984
39 4 29 1984
40 5 6 1984
41 5 13 1984
42 5 20 1984
43 5 27 1984
44 6 3 1984
45 6 10 1984
46 6 17 1984
47 6 24 1984
48 7 1 1984
49 7 8 1984
50 7 15 1984
51 7 22 1984
52 7 29 1984
1 8 5 1984
2 8 12 1984
3 8 19 1984
4 8 26 1984
5 9 2 1984
6 9 9 1984
7 9 16 1984
8 9 23 1984
9 9 30 1984
10 10 7 1984
11 10 14 1984
12 10 21 1984
13 10 28 1984
14 11 4 1984
15 11 11 1984
16 11 18 1984
17 11 25 1984
18 12 2 1984
19 12 9 1984
20 12 16 1984
21 12 23 1984
22 12 30 1984
23 1 6 1985
24 1 13 1985
25 1 20 1985
26 1 27 1985
27 2 3 1985
28 2 10 1985
29 2 17 1985
30 2 24 1985
31 3 3 1985
32 3 10 1985
33 3 17 1985
34 3 24 1985
35 3 31 1985
36 4 7 1985
37 4 14 1985
38 4 21 1985
39 4 28 1985
40 5 5 1985
41 5 12 1985
42 5 19 1985
43 5 26 1985
44 6 2 1985
45 6 9 1985
46 6 16 1985
47 6 23 1985
48 6 30 1985
49 7 7 1985
50 7 14 1985
51 7 21 1985
52 7 28 1985
1 8 4 1985
2 8 11 1985
3 8 18 1985
4 8 25 1985
5 9 1 1985
6 9 8 1985
7 9 15 1985
8 9 22 1985
9 9 29 1985
10 10 6 1985
11 10 13 1985
12 10 20 1985
13 10 27 1985
14 11 3 1985
15 11 10 1985
16 11 17 1985
17 11 24 1985
18 12 1 1985
19 12 8 1985
20 12 15 1985
21 12 22 1985
22 12 29 1985
23 1 5 1986
24 1 12 1986
25 1 19 1986
26 1 26 1986
27 2 2 1986
28 2 9 1986
29 2 16 1986
30 2 23 1986
31 3 2 1986
32 3 9 1986
33 3 16 1986
34 3 23 1986
35 3 30 1986
36 4 6 1986
37 4 13 1986
38 4 20 1986
39 4 27 1986
40 5 4 1986
41 5 11 1986
42 5 18 1986
43 5 25 1986
44 6 1 1986
45 6 8 1986
46 6 15 1986
47 6 22 1986
48 6 29 1986
49 7 6 1986
50 7 13 1986
51 7 20 1986
52 7 27 1986
1 8 3 1986
2 8 10 1986
3 8 17 1986
4 8 24 1986
5 8 31 1986
6 9 7 1986
7 9 14 1986
8 9 21 1986
9 9 28 1986
10 10 5 1986
11 10 12 1986
12 10 19 1986
13 10 26 1986
14 11 2 1986
15 11 9 1986
16 11 16 1986
17 11 23 1986
18 11 30 1986
19 12 7 1986
20 12 14 1986
21 12 21 1986
22 12 28 1986
23 1 4 1987
24 1 11 1987
25 1 18 1987
26 1 25 1987
27 2 1 1987
28 2 8 1987
29 2 15 1987
30 2 22 1987
31 3 1 1987
32 3 8 1987
33 3 15 1987
34 3 22 1987
35 3 29 1987
36 4 5 1987
37 4 12 1987
38 4 19 1987
39 4 26 1987
40 5 3 1987
41 5 10 1987
42 5 17 1987
43 5 24 1987
44 5 31 1987
45 6 7 1987
46 6 14 1987
47 6 21 1987
48 6 28 1987
49 7 5 1987
50 7 12 1987
51 7 19 1987
52 7 26 1987
1 8 2 1987
2 8 9 1987
3 8 16 1987
4 8 23 1987
5 8 30 1987
6 9 6 1987
7 9 13 1987
8 9 20 1987
9 9 27 1987
10 10 4 1987
11 10 11 1987
12 10 18 1987
13 10 25 1987
14 11 1 1987
15 11 8 1987
16 11 15 1987
17 11 22 1987
18 11 29 1987
19 12 6 1987
20 12 13 1987
21 12 20 1987
22 12 27 1987
23 1 3 1988
24 1 10 1988
25 1 17 1988
26 1 24 1988
27 1 31 1988
28 2 7 1988
29 2 14 1988
30 2 21 1988
31 2 28 1988
32 3 6 1988
33 3 13 1988
34 3 20 1988
35 3 27 1988
36 4 3 1988
37 4 10 1988
38 4 17 1988
39 4 24 1988
40 5 1 1988
41 5 8 1988
42 5 15 1988
43 5 22 1988
44 5 29 1988
45 6 5 1988
46 6 12 1988
47 6 19 1988
48 6 26 1988
49 7 3 1988
50 7 10 1988
51 7 17 1988
52 7 24 1988
52 7 31 1988
1 8 7 1988
2 8 14 1988
3 8 21 1988
4 8 28 1988
5 9 4 1988
6 9 11 1988
7 9 18 1988
8 9 25 1988
9 10 2 1988
10 10 9 1988
11 10 16 1988
12 10 23 1988
13 10 30 1988
14 11 6 1988
15 11 13 1988
16 11 20 1988
17 11 27 1988
18 12 4 1988
19 12 11 1988
20 12 18 1988
21 12 25 1988
22 1 1 1989
23 1 8 1989
24 1 15 1989
25 1 22 1989
26 1 29 1989
27 2 5 1989
28 2 12 1989
29 2 19 1989
30 2 26 1989
31 3 5 1989
32 3 12 1989
33 3 19 1989
34 3 26 1989
35 4 2 1989
36 4 9 1989
37 4 16 1989
38 4 23 1989
39 4 30 1989
40 5 7 1989
41 5 14 1989
42 5 21 1989
43 5 28 1989
44 6 4 1989
45 6 11 1989
46 6 18 1989
47 6 25 1989
48 7 2 1989
49 7 9 1989
50 7 16 1989
51 7 23 1989
52 7 30 1989
1 8 6 1989
2 8 13 1989
3 8 20 1989
4 8 27 1989
5 9 3 1989
6 9 10 1989
7 9 17 1989
8 9 24 1989
9 10 1 1989
10 10 8 1989
11 10 15 1989
12 10 22 1989
13 10 29 1989
14 11 5 1989
15 11 12 1989
16 11 19 1989
17 11 26 1989
18 12 3 1989
19 12 10 1989
20 12 17 1989
21 12 24 1989
22 12 31 1989
23 1 7 1990
24 1 14 1990
25 1 21 1990
26 1 28 1990
27 2 4 1990
28 2 11 1990
29 2 18 1990
30 2 25 1990
31 3 4 1990
32 3 11 1990
33 3 18 1990
34 3 25 1990
35 4 1 1990
36 4 8 1990
37 4 15 1990
38 4 22 1990
39 4 29 1990
40 5 6 1990
41 5 13 1990
42 5 20 1990
43 5 27 1990
44 6 3 1990
45 6 10 1990
46 6 17 1990
47 6 24 1990
48 7 1 1990
49 7 8 1990
50 7 15 1990
51 7 22 1990
52 7 29 1990
1 8 5 1990
2 8 12 1990
3 8 19 1990
4 8 26 1990
5 9 2 1990
6 9 9 1990
7 9 16 1990
8 9 23 1990
9 9 30 1990
10 10 7 1990
11 10 14 1990
12 10 21 1990
13 10 28 1990
14 11 4 1990
15 11 11 1990
16 11 18 1990
17 11 25 1990
18 12 2 1990
19 12 9 1990
20 12 16 1990
21 12 23 1990
22 12 30 1990
23 1 6 1991
24 1 13 1991
25 1 20 1991
26 1 27 1991
27 2 3 1991
28 2 10 1991
29 2 17 1991
30 2 24 1991
31 3 3 1991
32 3 10 1991
33 3 17 1991
34 3 24 1991
35 3 31 1991
36 4 7 1991
37 4 14 1991
38 4 21 1991
39 4 28 1991
40 5 5 1991
41 5 12 1991
42 5 19 1991
43 5 26 1991
44 6 2 1991
45 6 9 1991
46 6 16 1991
47 6 23 1991
48 6 30 1991
49 7 7 1991
50 7 14 1991
51 7 21 1991
52 7 28 1991
1 8 4 1991
2 8 11 1991
3 8 18 1991
4 8 25 1991
5 9 1 1991
6 9 8 1991
7 9 15 1991
8 9 22 1991
9 9 29 1991
10 10 6 1991
11 10 13 1991
12 10 20 1991
13 10 27 1991
14 11 3 1991
15 11 10 1991
16 11 17 1991
17 11 24 1991
18 12 1 1991
19 12 8 1991
20 12 15 1991
21 12 22 1991
22 12 29 1991
23 1 5 1992
24 1 12 1992
25 1 19 1992
26 1 26 1992
27 2 2 1992
28 2 9 1992
29 2 16 1992
30 2 23 1992
31 3 1 1992
32 3 8 1992
33 3 15 1992
34 3 22 1992
35 3 29 1992
36 4 5 1992
37 4 12 1992
38 4 19 1992
39 4 26 1992
40 5 3 1992
41 5 10 1992
42 5 17 1992
43 5 24 1992
44 5 31 1992
45 6 7 1992
46 6 14 1992
47 6 21 1992
48 6 28 1992
49 7 5 1992
50 7 12 1992
51 7 19 1992
52 7 26 1992
1 8 2 1992
2 8 9 1992
3 8 16 1992
4 8 23 1992
5 8 30 1992
6 9 6 1992
7 9 13 1992
8 9 20 1992
9 9 27 1992
10 10 4 1992
11 10 11 1992
12 10 18 1992
13 10 25 1992
14 11 1 1992
15 11 8 1992
16 11 15 1992
17 11 22 1992
18 11 29 1992
19 12 6 1992
20 12 13 1992
21 12 20 1992
22 12 27 1992
23 1 3 1993
24 1 10 1993
25 1 17 1993
26 1 24 1993
27 1 31 1993
28 2 7 1993
29 2 14 1993
30 2 21 1993
31 2 28 1993
32 3 7 1993
33 3 14 1993
34 3 21 1993
35 3 28 1993
36 4 4 1993
37 4 11 1993
38 4 18 1993
39 4 25 1993
40 5 2 1993
41 5 9 1993
42 5 16 1993
43 5 23 1993
44 5 30 1993
45 6 6 1993
46 6 13 1993
47 6 20 1993
48 6 27 1993
49 7 4 1993
50 7 11 1993
51 7 18 1993
52 7 25 1993
1 8 1 1993
2 8 8 1993
3 8 15 1993
4 8 22 1993
5 8 29 1993
6 9 5 1993
7 9 12 1993
8 9 19 1993
9 9 26 1993
10 10 3 1993
11 10 10 1993
12 10 17 1993
13 10 24 1993
14 10 31 1993
15 11 7 1993
16 11 14 1993
17 11 21 1993
18 11 28 1993
19 12 5 1993
20 12 12 1993
21 12 19 1993
22 12 26 1993
23 1 2 1994
24 1 9 1994
25 1 16 1994
26 1 23 1994
27 1 30 1994
28 2 6 1994
29 2 13 1994
30 2 20 1994
31 2 27 1994
32 3 6 1994
33 3 13 1994
34 3 20 1994
35 3 27 1994
36 4 3 1994
37 4 10 1994
38 4 17 1994
39 4 24 1994
40 5 1 1994
41 5 8 1994
42 5 15 1994
43 5 22 1994
44 5 29 1994
45 6 5 1994
46 6 12 1994
47 6 19 1994
48 6 26 1994
49 7 3 1994
50 7 10 1994
51 7 17 1994
52 7 24 1994
52 7 31 1994
1 8 7 1994
2 8 14 1994
3 8 21 1994
4 8 28 1994
5 9 4 1994
6 9 11 1994
7 9 18 1994
8 9 25 1994
9 10 2 1994
10 10 9 1994
11 10 16 1994
12 10 23 1994
13 10 30 1994
14 11 6 1994
15 11 13 1994
16 11 20 1994
17 11 27 1994
18 12 4 1994
19 12 11 1994
20 12 18 1994
21 12 25 1994
22 1 1 1995
23 1 8 1995
24 1 15 1995
25 1 22 1995
26 1 29 1995
27 2 5 1995
28 2 12 1995
29 2 19 1995
30 2 26 1995
31 3 5 1995
32 3 12 1995
33 3 19 1995
34 3 26 1995
35 4 2 1995
36 4 9 1995
37 4 16 1995
38 4 23 1995
39 4 30 1995
40 5 7 1995
41 5 14 1995
42 5 21 1995
43 5 28 1995
44 6 4 1995
45 6 11 1995
46 6 18 1995
47 6 25 1995
48 7 2 1995
49 7 9 1995
50 7 16 1995
51 7 23 1995
52 7 30 1995
1 8 6 1995
2 8 13 1995
3 8 20 1995
4 8 27 1995
5 9 3 1995
6 9 10 1995
7 9 17 1995
8 9 24 1995
9 10 1 1995
10 10 8 1995
11 10 15 1995
12 10 22 1995
13 10 29 1995
14 11 5 1995
15 11 12 1995
16 11 19 1995
17 11 26 1995
18 12 3 1995
19 12 10 1995
20 12 17 1995
21 12 24 1995
22 12 31 1995
23 1 7 1996
24 1 14 1996
25 1 21 1996
26 1 28 1996
27 2 4 1996
28 2 11 1996
29 2 18 1996
30 2 25 1996
31 3 3 1996
32 3 10 1996
33 3 17 1996
34 3 24 1996
35 3 31 1996
36 4 7 1996
37 4 14 1996
38 4 21 1996
39 4 28 1996
40 5 5 1996
41 5 12 1996
42 5 19 1996
43 5 26 1996
44 6 2 1996
45 6 9 1996
46 6 16 1996
47 6 23 1996
48 6 30 1996
49 7 7 1996
50 7 14 1996
51 7 21 1996
52 7 28 1996
1 8 4 1996
2 8 11 1996
3 8 18 1996
4 8 25 1996
5 9 1 1996
6 9 8 1996
7 9 15 1996
8 9 22 1996
9 9 29 1996
10 10 6 1996
11 10 13 1996
12 10 20 1996
13 10 27 1996
14 11 3 1996
15 11 10 1996
16 11 17 1996
17 11 24 1996
18 12 1 1996
19 12 8 1996
20 12 15 1996
21 12 22 1996
22 12 29 1996
23 1 5 1997
24 1 12 1997
25 1 19 1997
26 1 26 1997
27 2 2 1997
28 2 9 1997
29 2 16 1997
30 2 23 1997
31 3 2 1997
32 3 9 1997
33 3 16 1997
34 3 23 1997
35 3 30 1997
36 4 6 1997
37 4 13 1997
38 4 20 1997
39 4 27 1997
40 5 4 1997
41 5 11 1997
42 5 18 1997
43 5 25 1997
44 6 1 1997
45 6 8 1997
46 6 15 1997
47 6 22 1997
48 6 29 1997
49 7 6 1997
50 7 13 1997
51 7 20 1997
52 7 27 1997
1 8 3 1997
2 8 10 1997
3 8 17 1997
4 8 24 1997
5 8 31 1997
6 9 7 1997
7 9 14 1997
8 9 21 1997
9 9 28 1997
10 10 5 1997
11 10 12 1997
12 10 19 1997
13 10 26 1997
14 11 2 1997
15 11 9 1997
16 11 16 1997
17 11 23 1997
18 11 30 1997
19 12 7 1997
20 12 14 1997
21 12 21 1997
22 12 28 1997
23 1 4 1998
24 1 11 1998
25 1 18 1998
26 1 25 1998
27 2 1 1998
28 2 8 1998
29 2 15 1998
30 2 22 1998
31 3 1 1998
32 3 8 1998
33 3 15 1998
34 3 22 1998
35 3 29 1998
36 4 5 1998
37 4 12 1998
38 4 19 1998
39 4 26 1998
40 5 3 1998
41 5 10 1998
42 5 17 1998
43 5 24 1998
44 5 31 1998
45 6 7 1998
46 6 14 1998
47 6 21 1998
48 6 28 1998
49 7 5 1998
50 7 12 1998
51 7 19 1998
52 7 26 1998
1 8 2 1998
2 8 9 1998
3 8 16 1998
4 8 23 1998
5 8 30 1998
6 9 6 1998
7 9 13 1998
8 9 20 1998
9 9 27 1998
10 10 4 1998
11 10 11 1998
12 10 18 1998
13 10 25 1998
14 11 1 1998
15 11 8 1998
16 11 15 1998
17 11 22 1998
18 11 29 1998
19 12 6 1998
20 12 13 1998
21 12 20 1998
22 12 27 1998
23 1 3 1999
24 1 10 1999
25 1 17 1999
26 1 24 1999
27 1 31 1999
28 2 7 1999
29 2 14 1999
30 2 21 1999
31 2 28 1999
32 3 7 1999
33 3 14 1999
34 3 21 1999
35 3 28 1999
36 4 4 1999
37 4 11 1999
38 4 18 1999
39 4 25 1999
40 5 2 1999
41 5 9 1999
42 5 16 1999
43 5 23 1999
44 5 30 1999
45 6 6 1999
46 6 13 1999
47 6 20 1999
48 6 27 1999
49 7 4 1999
50 7 11 1999
51 7 18 1999
52 7 25 1999
1 8 1 1999
2 8 8 1999
3 8 15 1999
4 8 22 1999
5 8 29 1999
6 9 5 1999
7 9 12 1999
8 9 19 1999
9 9 26 1999
10 10 3 1999
11 10 10 1999
12 10 17 1999
13 10 24 1999
14 10 31 1999
15 11 7 1999
16 11 14 1999
17 11 21 1999
18 11 28 1999
19 12 5 1999
20 12 12 1999
21 12 19 1999
22 12 26 1999
23 1 2 2000
24 1 9 2000
25 1 16 2000
26 1 23 2000
27 1 30 2000
28 2 6 2000
29 2 13 2000
30 2 20 2000
31 2 27 2000
32 3 5 2000
33 3 12 2000
34 3 19 2000
35 3 26 2000
36 4 2 2000
37 4 9 2000
38 4 16 2000
39 4 23 2000
40 4 30 2000
41 5 7 2000
42 5 14 2000
43 5 21 2000
44 5 28 2000
45 6 4 2000
46 6 11 2000
47 6 18 2000
48 6 25 2000
49 7 2 2000
50 7 9 2000
51 7 16 2000
52 7 23 2000
52 7 30 2000
1 8 6 2000
2 8 13 2000
3 8 20 2000
4 8 27 2000
5 9 3 2000
6 9 10 2000
7 9 17 2000
8 9 24 2000
9 10 1 2000
10 10 8 2000
11 10 15 2000
12 10 22 2000
13 10 29 2000
14 11 5 2000
15 11 12 2000
16 11 19 2000
17 11 26 2000
18 12 3 2000
19 12 10 2000
20 12 17 2000
21 12 24 2000
22 12 31 2000
23 1 7 2001
24 1 14 2001
25 1 21 2001
26 1 28 2001
27 2 4 2001
28 2 11 2001
29 2 18 2001
30 2 25 2001
31 3 4 2001
32 3 11 2001
33 3 18 2001
34 3 25 2001
35 4 1 2001
36 4 8 2001
37 4 15 2001
38 4 22 2001
39 4 29 2001
40 5 6 2001
41 5 13 2001
42 5 20 2001
43 5 27 2001
44 6 3 2001
45 6 10 2001
46 6 17 2001
47 6 24 2001
48 7 1 2001
49 7 8 2001
50 7 15 2001
51 7 22 2001
52 7 29 2001
1 8 5 2001
2 8 12 2001
3 8 19 2001
4 8 26 2001
5 9 2 2001
6 9 9 2001
7 9 16 2001
8 9 23 2001
9 9 30 2001
10 10 7 2001
11 10 14 2001
12 10 21 2001
13 10 28 2001
14 11 4 2001
15 11 11 2001
16 11 18 2001
17 11 25 2001
18 12 2 2001
19 12 9 2001
20 12 16 2001
21 12 23 2001
22 12 30 2001
23 1 6 2002
24 1 13 2002
25 1 20 2002
26 1 27 2002
27 2 3 2002
28 2 10 2002
29 2 17 2002
30 2 24 2002
31 3 3 2002
32 3 10 2002
33 3 17 2002
34 3 24 2002
35 3 31 2002
36 4 7 2002
37 4 14 2002
38 4 21 2002
39 4 28 2002
40 5 5 2002
41 5 12 2002
42 5 19 2002
43 5 26 2002
44 6 2 2002
45 6 9 2002
46 6 16 2002
47 6 23 2002
48 6 30 2002
49 7 7 2002
50 7 14 2002
51 7 21 2002
52 7 28 2002
1 8 4 2002
2 8 11 2002
3 8 18 2002
4 8 25 2002
5 9 1 2002
6 9 8 2002
7 9 15 2002
8 9 22 2002
9 9 29 2002
10 10 6 2002
11 10 13 2002
12 10 20 2002
13 10 27 2002
14 11 3 2002
15 11 10 2002
16 11 17 2002
17 11 24 2002
18 12 1 2002
19 12 8 2002
20 12 15 2002
21 12 22 2002
22 12 29 2002
23 1 5 2003
24 1 12 2003
25 1 19 2003
26 1 26 2003
27 2 2 2003
28 2 9 2003
29 2 16 2003
30 2 23 2003
31 3 2 2003
32 3 9 2003
33 3 16 2003
34 3 23 2003
35 3 30 2003
36 4 6 2003
37 4 13 2003
38 4 20 2003
39 4 27 2003
40 5 4 2003
41 5 11 2003
42 5 18 2003
43 5 25 2003
44 6 1 2003
45 6 8 2003
46 6 15 2003
47 6 22 2003
48 6 29 2003
49 7 6 2003
50 7 13 2003
51 7 20 2003
52 7 27 2003
1 8 3 2003
2 8 10 2003
3 8 17 2003
4 8 24 2003
5 8 31 2003
6 9 7 2003
7 9 14 2003
8 9 21 2003
9 9 28 2003
10 10 5 2003
11 10 12 2003
12 10 19 2003
13 10 26 2003
14 11 2 2003
15 11 9 2003
16 11 16 2003
17 11 23 2003
18 11 30 2003
19 12 7 2003
20 12 14 2003
21 12 21 2003
22 12 28 2003
23 1 4 2004
24 1 11 2004
25 1 18 2004
26 1 25 2004
27 2 1 2004
28 2 8 2004
29 2 15 2004
30 2 22 2004
31 2 29 2004
32 3 7 2004
33 3 14 2004
34 3 21 2004
35 3 28 2004
36 4 4 2004
37 4 11 2004
38 4 18 2004
39 4 25 2004
40 5 2 2004
41 5 9 2004
42 5 16 2004
43 5 23 2004
44 5 30 2004
45 6 6 2004
46 6 13 2004
47 6 20 2004
48 6 27 2004
49 7 4 2004
50 7 11 2004
51 7 18 2004
52 7 25 2004
1 8 1 2004
2 8 8 2004
3 8 15 2004
4 8 22 2004
5 8 29 2004
6 9 5 2004
7 9 12 2004
8 9 19 2004
9 9 26 2004
10 10 3 2004
11 10 10 2004
12 10 17 2004
13 10 24 2004
14 10 31 2004
15 11 7 2004
16 11 14 2004
17 11 21 2004
18 11 28 2004
19 12 5 2004
20 12 12 2004
21 12 19 2004
22 12 26 2004
23 1 2 2005
24 1 9 2005
25 1 16 2005
26 1 23 2005
27 1 30 2005
28 2 6 2005
29 2 13 2005
30 2 20 2005
31 2 27 2005
32 3 6 2005
33 3 13 2005
34 3 20 2005
35 3 27 2005
36 4 3 2005
37 4 10 2005
38 4 17 2005
39 4 24 2005
40 5 1 2005
41 5 8 2005
42 5 15 2005
43 5 22 2005
44 5 29 2005
45 6 5 2005
46 6 12 2005
47 6 19 2005
48 6 26 2005
49 7 3 2005
50 7 10 2005
51 7 17 2005
52 7 24 2005
52 7 31 2005
1 8 7 2005
2 8 14 2005
3 8 21 2005
4 8 28 2005
5 9 4 2005
6 9 11 2005
7 9 18 2005
8 9 25 2005








