Weeks_final Months Days Years
1 8 5 1979
2 8 12 1979
3 8 19 1979
4 8 26 1979
5 9 2 1979
6 9 9 1979
7 9 16 1979
8 9 23 1979
9 9 30 1979
10 10 7 1979
11 10 14 1979
12 10 21 1979
13 10 28 1979
14 11 4 1979
15 11 11 1979
16 11 18 1979
17 11 25 1979
18 12 2 1979
19 12 9 1979
20 12 16 1979
21 12 23 1979
22 12 30 1979
23 1 6 1980
24 1 13 1980
25 1 20 1980
26 1 27 1980
27 2 3 1980
28 2 10 1980
29 2 17 1980
30 2 24 1980
31 3 2 1980
32 3 9 1980
33 3 16 1980
34 3 23 1980
35 3 30 1980
36 4 6 1980
37 4 13 1980
38 4 20 1980
39 4 27 1980
40 5 4 1980
41 5 11 1980
42 5 18 1980
43 5 25 1980
44 6 1 1980
45 6 8 1980
46 6 15 1980
47 6 22 1980
48 6 29 1980
49 7 6 1980
50 7 13 1980
51 7 20 1980
52 7 27 1980
1 8 3 1980
2 8 10 1980
3 8 17 1980
4 8 24 1980
5 8 31 1980
6 9 7 1980
7 9 14 1980
8 9 21 1980
9 9 28 1980
10 10 5 1980
11 10 12 1980
12 10 19 1980
13 10 26 1980
14 11 2 1980
15 11 9 1980
16 11 16 1980
17 11 23 1980
18 11 30 1980
19 12 7 1980
20 12 14 1980
21 12 21 1980
22 12 28 1980
23 1 4 1981
24 1 11 1981
25 1 18 1981
26 1 25 1981
27 2 1 1981
28 2 8 1981
29 2 15 1981
30 2 22 1981
31 3 1 1981
32 3 8 1981
33 3 15 1981
34 3 22 1981
35 3 29 1981
36 4 5 1981
37 4 12 1981
38 4 19 1981
39 4 26 1981
40 5 3 1981
41 5 10 1981
42 5 17 1981
43 5 24 1981
44 5 31 1981
45 6 7 1981
46 6 14 1981
47 6 21 1981
48 6 28 1981
49 7 5 1981
50 7 12 1981
51 7 19 1981
52 7 26 1981
1 8 2 1981
2 8 9 1981
3 8 16 1981
4 8 23 1981
5 8 30 1981
6 9 6 1981
7 9 13 1981
8 9 20 1981
9 9 27 1981
10 10 4 1981
11 10 11 1981
12 10 18 1981
13 10 25 1981
14 11 1 1981
15 11 8 1981
16 11 15 1981
17 11 22 1981
18 11 29 1981
19 12 6 1981
20 12 13 1981
21 12 20 1981
22 12 27 1981
23 1 3 1982
24 1 10 1982
25 1 17 1982
26 1 24 1982
27 1 31 1982
28 2 7 1982
29 2 14 1982
30 2 21 1982
31 2 28 1982
32 3 7 1982
33 3 14 1982
34 3 21 1982
35 3 28 1982
36 4 4 1982
37 4 11 1982
38 4 18 1982
39 4 25 1982
40 5 2 1982
41 5 9 1982
42 5 16 1982
43 5 23 1982
44 5 30 1982
45 6 6 1982
46 6 13 1982
47 6 20 1982
48 6 27 1982
49 7 4 1982
50 7 11 1982
51 7 18 1982
52 7 25 1982
1 8 1 1982
2 8 8 1982
3 8 15 1982
4 8 22 1982
5 8 29 1982
6 9 5 1982
7 9 12 1982
8 9 19 1982
9 9 26 1982
10 10 3 1982
11 10 10 1982
12 10 17 1982
13 10 24 1982
14 10 31 1982
15 11 7 1982
16 11 14 1982
17 11 21 1982
18 11 28 1982
19 12 5 1982
20 12 12 1982
21 12 19 1982
22 12 26 1982
23 1 2 1983
24 1 9 1983
25 1 16 1983
26 1 23 1983
27 1 30 1983
28 2 6 1983
29 2 13 1983
30 2 20 1983
31 2 27 1983
32 3 6 1983
33 3 13 1983
34 3 20 1983
35 3 27 1983
36 4 3 1983
37 4 10 1983
38 4 17 1983
39 4 24 1983
40 5 1 1983
41 5 8 1983
42 5 15 1983
43 5 22 1983
44 5 29 1983
45 6 5 1983
46 6 12 1983
47 6 19 1983
48 6 26 1983
49 7 3 1983
50 7 10 1983
51 7 17 1983
52 7 24 1983
52 7 31 1983
1 8 7 1983
2 8 14 1983
3 8 21 1983
4 8 28 1983
5 9 4 1983
6 9 11 1983
7 9 18 1983
8 9 25 1983
9 10 2 1983
10 10 9 1983
11 10 16 1983
12 10 23 1983
13 10 30 1983
14 11 6 1983
15 11 13 1983
16 11 20 1983
17 11 27 1983
18 12 4 1983
19 12 11 1983
20 12 18 1983
21 12 25 1983
22 1 1 1984
23 1 8 1984
24 1 15 1984
25 1 22 1984
26 1 29 1984
27 2 5 1984
28 2 12 1984
29 2 19 1984
30 2 26 1984
31 3 4 1984
32 3 11 1984
33 3 18 1984
34 3 25 1984
35 4 1 1984
36 4 8 1984
37 4 15 1984
38 4 22 1984
39 4 29 1984
40 5 6 1984
41 5 13 1984
42 5 20 1984
43 5 27 1984
44 6 3 1984
45 6 10 1984
46 6 17 1984
47 6 24 1984
48 7 1 1984
49 7 8 1984
50 7 15 1984
51 7 22 1984
52 7 29 1984
1 8 5 1984
2 8 12 1984
3 8 19 1984
4 8 26 1984
5 9 2 1984
6 9 9 1984
7 9 16 1984
8 9 23 1984
9 9 30 1984
10 10 7 1984
11 10 14 1984
12 10 21 1984
13 10 28 1984
14 11 4 1984
15 11 11 1984
16 11 18 1984
17 11 25 1984
18 12 2 1984
19 12 9 1984
20 12 16 1984
21 12 23 1984
22 12 30 1984
23 1 6 1985
24 1 13 1985
25 1 20 1985
26 1 27 1985
27 2 3 1985
28 2 10 1985
29 2 17 1985
30 2 24 1985
31 3 3 1985
32 3 10 1985
33 3 17 1985
34 3 24 1985
35 3 31 1985
36 4 7 1985
37 4 14 1985
38 4 21 1985
39 4 28 1985
40 5 5 1985
41 5 12 1985
42 5 19 1985
43 5 26 1985
44 6 2 1985
45 6 9 1985
46 6 16 1985
47 6 23 1985
48 6 30 1985
49 7 7 1985
50 7 14 1985
51 7 21 1985
52 7 28 1985
1 8 4 1985
2 8 11 1985
3 8 18 1985
4 8 25 1985
5 9 1 1985
6 9 8 1985
7 9 15 1985
8 9 22 1985
9 9 29 1985
10 10 6 1985
11 10 13 1985
12 10 20 1985
13 10 27 1985
14 11 3 1985
15 11 10 1985
16 11 17 1985
17 11 24 1985
18 12 1 1985
19 12 8 1985
20 12 15 1985
21 12 22 1985
22 12 29 1985
23 1 5 1986
24 1 12 1986
25 1 19 1986
26 1 26 1986
27 2 2 1986
28 2 9 1986
29 2 16 1986
30 2 23 1986
31 3 2 1986
32 3 9 1986
33 3 16 1986
34 3 23 1986
35 3 30 1986
36 4 6 1986
37 4 13 1986
38 4 20 1986
39 4 27 1986
40 5 4 1986
41 5 11 1986
42 5 18 1986
43 5 25 1986
44 6 1 1986
45 6 8 1986
46 6 15 1986
47 6 22 1986
48 6 29 1986
49 7 6 1986
50 7 13 1986
51 7 20 1986
52 7 27 1986
1 8 3 1986
2 8 10 1986
3 8 17 1986
4 8 24 1986
5 8 31 1986
6 9 7 1986
7 9 14 1986
8 9 21 1986
9 9 28 1986
10 10 5 1986
11 10 12 1986
12 10 19 1986
13 10 26 1986
14 11 2 1986
15 11 9 1986
16 11 16 1986
17 11 23 1986
18 11 30 1986
19 12 7 1986
20 12 14 1986
21 12 21 1986
22 12 28 1986
23 1 4 1987
24 1 11 1987
25 1 18 1987
26 1 25 1987
27 2 1 1987
28 2 8 1987
29 2 15 1987
30 2 22 1987
31 3 1 1987
32 3 8 1987
33 3 15 1987
34 3 22 1987
35 3 29 1987
36 4 5 1987
37 4 12 1987
38 4 19 1987
39 4 26 1987
40 5 3 1987
41 5 10 1987
42 5 17 1987
43 5 24 1987
44 5 31 1987
45 6 7 1987
46 6 14 1987
47 6 21 1987
48 6 28 1987
49 7 5 1987
50 7 12 1987
51 7 19 1987
52 7 26 1987
1 8 2 1987
2 8 9 1987
3 8 16 1987
4 8 23 1987
5 8 30 1987
6 9 6 1987
7 9 13 1987
8 9 20 1987
9 9 27 1987
10 10 4 1987
11 10 11 1987
12 10 18 1987
13 10 25 1987
14 11 1 1987
15 11 8 1987
16 11 15 1987
17 11 22 1987
18 11 29 1987
19 12 6 1987
20 12 13 1987
21 12 20 1987
22 12 27 1987
23 1 3 1988
24 1 10 1988
25 1 17 1988
26 1 24 1988
27 1 31 1988
28 2 7 1988
29 2 14 1988
30 2 21 1988
31 2 28 1988
32 3 6 1988
33 3 13 1988
34 3 20 1988
35 3 27 1988
36 4 3 1988
37 4 10 1988
38 4 17 1988
39 4 24 1988
40 5 1 1988
41 5 8 1988
42 5 15 1988
43 5 22 1988
44 5 29 1988
45 6 5 1988
46 6 12 1988
47 6 19 1988
48 6 26 1988
49 7 3 1988
50 7 10 1988
51 7 17 1988
52 7 24 1988
52 7 31 1988
1 8 7 1988
2 8 14 1988
3 8 21 1988
4 8 28 1988
5 9 4 1988
6 9 11 1988
7 9 18 1988
8 9 25 1988
9 10 2 1988
10 10 9 1988
11 10 16 1988
12 10 23 1988
13 10 30 1988
14 11 6 1988
15 11 13 1988
16 11 20 1988
17 11 27 1988
18 12 4 1988
19 12 11 1988
20 12 18 1988
21 12 25 1988
22 1 1 1989
23 1 8 1989
24 1 15 1989
25 1 22 1989
26 1 29 1989
27 2 5 1989
28 2 12 1989
29 2 19 1989
30 2 26 1989
31 3 5 1989
32 3 12 1989
33 3 19 1989
34 3 26 1989
35 4 2 1989
36 4 9 1989
37 4 16 1989
38 4 23 1989
39 4 30 1989
40 5 7 1989
41 5 14 1989
42 5 21 1989
43 5 28 1989
44 6 4 1989
45 6 11 1989
46 6 18 1989
47 6 25 1989
48 7 2 1989
49 7 9 1989
50 7 16 1989
51 7 23 1989
52 7 30 1989
1 8 6 1989
2 8 13 1989
3 8 20 1989
4 8 27 1989
5 9 3 1989
6 9 10 1989
7 9 17 1989
8 9 24 1989
9 10 1 1989
10 10 8 1989
11 10 15 1989
12 10 22 1989
13 10 29 1989
14 11 5 1989
15 11 12 1989
16 11 19 1989
17 11 26 1989
18 12 3 1989
19 12 10 1989
20 12 17 1989
21 12 24 1989
22 12 31 1989
23 1 7 1990
24 1 14 1990
25 1 21 1990
26 1 28 1990
27 2 4 1990
28 2 11 1990
29 2 18 1990
30 2 25 1990
31 3 4 1990
32 3 11 1990
33 3 18 1990
34 3 25 1990
35 4 1 1990
36 4 8 1990
37 4 15 1990
38 4 22 1990
39 4 29 1990
40 5 6 1990
41 5 13 1990
42 5 20 1990
43 5 27 1990
44 6 3 1990
45 6 10 1990
46 6 17 1990
47 6 24 1990
48 7 1 1990
49 7 8 1990
50 7 15 1990
51 7 22 1990
52 7 29 1990
1 8 5 1990
2 8 12 1990
3 8 19 1990
4 8 26 1990
5 9 2 1990
6 9 9 1990
7 9 16 1990
8 9 23 1990
9 9 30 1990
10 10 7 1990
11 10 14 1990
12 10 21 1990
13 10 28 1990
14 11 4 1990
15 11 11 1990
16 11 18 1990
17 11 25 1990
18 12 2 1990
19 12 9 1990
20 12 16 1990
21 12 23 1990
22 12 30 1990
23 1 6 1991
24 1 13 1991
25 1 20 1991
26 1 27 1991
27 2 3 1991
28 2 10 1991
29 2 17 1991
30 2 24 1991
31 3 3 1991
32 3 10 1991
33 3 17 1991
34 3 24 1991
35 3 31 1991
36 4 7 1991
37 4 14 1991
38 4 21 1991
39 4 28 1991
40 5 5 1991
41 5 12 1991
42 5 19 1991
43 5 26 1991
44 6 2 1991
45 6 9 1991
46 6 16 1991
47 6 23 1991
48 6 30 1991
49 7 7 1991
50 7 14 1991
51 7 21 1991
52 7 28 1991
1 8 4 1991
2 8 11 1991
3 8 18 1991
4 8 25 1991
5 9 1 1991
6 9 8 1991
7 9 15 1991
8 9 22 1991
9 9 29 1991
10 10 6 1991
11 10 13 1991
12 10 20 1991
13 10 27 1991
14 11 3 1991
15 11 10 1991
16 11 17 1991
17 11 24 1991
18 12 1 1991
19 12 8 1991
20 12 15 1991
21 12 22 1991
22 12 29 1991
23 1 5 1992
24 1 12 1992
25 1 19 1992
26 1 26 1992
27 2 2 1992
28 2 9 1992
29 2 16 1992
30 2 23 1992
31 3 1 1992
32 3 8 1992
33 3 15 1992
34 3 22 1992
35 3 29 1992
36 4 5 1992
37 4 12 1992
38 4 19 1992
39 4 26 1992
40 5 3 1992
41 5 10 1992
42 5 17 1992
43 5 24 1992
44 5 31 1992
45 6 7 1992
46 6 14 1992
47 6 21 1992
48 6 28 1992
49 7 5 1992
50 7 12 1992
51 7 19 1992
52 7 26 1992
1 8 2 1992
2 8 9 1992
3 8 16 1992
4 8 23 1992
5 8 30 1992
6 9 6 1992
7 9 13 1992
8 9 20 1992
9 9 27 1992
10 10 4 1992
11 10 11 1992
12 10 18 1992
13 10 25 1992
14 11 1 1992
15 11 8 1992
16 11 15 1992
17 11 22 1992
18 11 29 1992
19 12 6 1992
20 12 13 1992
21 12 20 1992
22 12 27 1992
23 1 3 1993
24 1 10 1993
25 1 17 1993
26 1 24 1993
27 1 31 1993
28 2 7 1993
29 2 14 1993
30 2 21 1993
31 2 28 1993
32 3 7 1993
33 3 14 1993
34 3 21 1993
35 3 28 1993
36 4 4 1993
37 4 11 1993
38 4 18 1993
39 4 25 1993
40 5 2 1993
41 5 9 1993
42 5 16 1993
43 5 23 1993
44 5 30 1993
45 6 6 1993
46 6 13 1993
47 6 20 1993
48 6 27 1993
49 7 4 1993
50 7 11 1993
51 7 18 1993
52 7 25 1993
1 8 1 1993
2 8 8 1993
3 8 15 1993
4 8 22 1993
5 8 29 1993
6 9 5 1993
7 9 12 1993
8 9 19 1993
9 9 26 1993
10 10 3 1993
11 10 10 1993
12 10 17 1993
13 10 24 1993
14 10 31 1993
15 11 7 1993
16 11 14 1993
17 11 21 1993
18 11 28 1993
19 12 5 1993
20 12 12 1993
21 12 19 1993
22 12 26 1993
23 1 2 1994
24 1 9 1994
25 1 16 1994
26 1 23 1994
27 1 30 1994
28 2 6 1994
29 2 13 1994
30 2 20 1994
31 2 27 1994
32 3 6 1994
33 3 13 1994
34 3 20 1994
35 3 27 1994
36 4 3 1994
37 4 10 1994
38 4 17 1994
39 4 24 1994
40 5 1 1994
41 5 8 1994
42 5 15 1994
43 5 22 1994
44 5 29 1994
45 6 5 1994
46 6 12 1994
47 6 19 1994
48 6 26 1994
49 7 3 1994
50 7 10 1994
51 7 17 1994
52 7 24 1994
52 7 31 1994
1 8 7 1994
2 8 14 1994
3 8 21 1994
4 8 28 1994
5 9 4 1994
6 9 11 1994
7 9 18 1994
8 9 25 1994
9 10 2 1994
10 10 9 1994
11 10 16 1994
12 10 23 1994
13 10 30 1994
14 11 6 1994
15 11 13 1994
16 11 20 1994
17 11 27 1994
18 12 4 1994
19 12 11 1994
20 12 18 1994
21 12 25 1994
22 1 1 1995
23 1 8 1995
24 1 15 1995
25 1 22 1995
26 1 29 1995
27 2 5 1995
28 2 12 1995
29 2 19 1995
30 2 26 1995
31 3 5 1995
32 3 12 1995
33 3 19 1995
34 3 26 1995
35 4 2 1995
36 4 9 1995
37 4 16 1995
38 4 23 1995
39 4 30 1995
40 5 7 1995
41 5 14 1995
42 5 21 1995
43 5 28 1995
44 6 4 1995
45 6 11 1995
46 6 18 1995
47 6 25 1995
48 7 2 1995
49 7 9 1995
50 7 16 1995
51 7 23 1995
52 7 30 1995
1 8 6 1995
2 8 13 1995
3 8 20 1995
4 8 27 1995
5 9 3 1995
6 9 10 1995
7 9 17 1995
8 9 24 1995
9 10 1 1995
10 10 8 1995
11 10 15 1995
12 10 22 1995
13 10 29 1995
14 11 5 1995
15 11 12 1995
16 11 19 1995
17 11 26 1995
18 12 3 1995
19 12 10 1995
20 12 17 1995
21 12 24 1995
22 12 31 1995
23 1 7 1996
24 1 14 1996
25 1 21 1996
26 1 28 1996
27 2 4 1996
28 2 11 1996
29 2 18 1996
30 2 25 1996
31 3 3 1996
32 3 10 1996
33 3 17 1996
34 3 24 1996
35 3 31 1996
36 4 7 1996
37 4 14 1996
38 4 21 1996
39 4 28 1996
40 5 5 1996
41 5 12 1996
42 5 19 1996
43 5 26 1996
44 6 2 1996
45 6 9 1996
46 6 16 1996
47 6 23 1996
48 6 30 1996
49 7 7 1996
50 7 14 1996
51 7 21 1996
52 7 28 1996
1 8 4 1996
2 8 11 1996
3 8 18 1996
4 8 25 1996
5 9 1 1996
6 9 8 1996
7 9 15 1996
8 9 22 1996
9 9 29 1996
10 10 6 1996
11 10 13 1996
12 10 20 1996
13 10 27 1996
14 11 3 1996
15 11 10 1996
16 11 17 1996
17 11 24 1996
18 12 1 1996
19 12 8 1996
20 12 15 1996
21 12 22 1996
22 12 29 1996
23 1 5 1997
24 1 12 1997
25 1 19 1997
26 1 26 1997
27 2 2 1997
28 2 9 1997
29 2 16 1997
30 2 23 1997
31 3 2 1997
32 3 9 1997
33 3 16 1997
34 3 23 1997
35 3 30 1997
36 4 6 1997
37 4 13 1997
38 4 20 1997
39 4 27 1997
40 5 4 1997
41 5 11 1997
42 5 18 1997
43 5 25 1997
44 6 1 1997
45 6 8 1997
46 6 15 1997
47 6 22 1997
48 6 29 1997
49 7 6 1997
50 7 13 1997
51 7 20 1997
52 7 27 1997
1 8 3 1997
2 8 10 1997
3 8 17 1997
4 8 24 1997
5 8 31 1997
6 9 7 1997
7 9 14 1997
8 9 21 1997
9 9 28 1997
10 10 5 1997
11 10 12 1997
12 10 19 1997
13 10 26 1997
14 11 2 1997
15 11 9 1997
16 11 16 1997
17 11 23 1997
18 11 30 1997
19 12 7 1997
20 12 14 1997
21 12 21 1997
22 12 28 1997
23 1 4 1998
24 1 11 1998
25 1 18 1998
26 1 25 1998
27 2 1 1998
28 2 8 1998
29 2 15 1998
30 2 22 1998
31 3 1 1998
32 3 8 1998
33 3 15 1998
34 3 22 1998
35 3 29 1998
36 4 5 1998
37 4 12 1998
38 4 19 1998
39 4 26 1998
40 5 3 1998
41 5 10 1998
42 5 17 1998
43 5 24 1998
44 5 31 1998
45 6 7 1998
46 6 14 1998
47 6 21 1998
48 6 28 1998
49 7 5 1998
50 7 12 1998
51 7 19 1998
52 7 26 1998
1 8 2 1998
2 8 9 1998
3 8 16 1998
4 8 23 1998
5 8 30 1998
6 9 6 1998
7 9 13 1998
8 9 20 1998
9 9 27 1998
10 10 4 1998
11 10 11 1998
12 10 18 1998
13 10 25 1998
14 11 1 1998
15 11 8 1998
16 11 15 1998
17 11 22 1998
18 11 29 1998
19 12 6 1998
20 12 13 1998
21 12 20 1998
22 12 27 1998
23 1 3 1999
24 1 10 1999
25 1 17 1999
26 1 24 1999
27 1 31 1999
28 2 7 1999
29 2 14 1999
30 2 21 1999
31 2 28 1999
32 3 7 1999
33 3 14 1999
34 3 21 1999
35 3 28 1999
36 4 4 1999
37 4 11 1999
38 4 18 1999
39 4 25 1999
40 5 2 1999
41 5 9 1999
42 5 16 1999
43 5 23 1999
44 5 30 1999
45 6 6 1999
46 6 13 1999
47 6 20 1999
48 6 27 1999
49 7 4 1999
50 7 11 1999
51 7 18 1999
52 7 25 1999
1 8 1 1999
2 8 8 1999
3 8 15 1999
4 8 22 1999
5 8 29 1999
6 9 5 1999
7 9 12 1999
8 9 19 1999
9 9 26 1999
10 10 3 1999
11 10 10 1999
12 10 17 1999
13 10 24 1999
14 10 31 1999
15 11 7 1999
16 11 14 1999
17 11 21 1999
18 11 28 1999
19 12 5 1999
20 12 12 1999
21 12 19 1999
22 12 26 1999
23 1 2 2000
24 1 9 2000
25 1 16 2000
26 1 23 2000
27 1 30 2000
28 2 6 2000
29 2 13 2000
30 2 20 2000
31 2 27 2000
32 3 5 2000
33 3 12 2000
34 3 19 2000
35 3 26 2000
36 4 2 2000
37 4 9 2000
38 4 16 2000
39 4 23 2000
40 4 30 2000
41 5 7 2000
42 5 14 2000
43 5 21 2000
44 5 28 2000
45 6 4 2000
46 6 11 2000
47 6 18 2000
48 6 25 2000
49 7 2 2000
50 7 9 2000
51 7 16 2000
52 7 23 2000
52 7 30 2000
1 8 6 2000
2 8 13 2000
3 8 20 2000
4 8 27 2000
5 9 3 2000
6 9 10 2000
7 9 17 2000
8 9 24 2000
9 10 1 2000
10 10 8 2000
11 10 15 2000
12 10 22 2000
13 10 29 2000
14 11 5 2000
15 11 12 2000
16 11 19 2000
17 11 26 2000
18 12 3 2000
19 12 10 2000
20 12 17 2000
21 12 24 2000
22 12 31 2000
23 1 7 2001
24 1 14 2001
25 1 21 2001
26 1 28 2001
27 2 4 2001
28 2 11 2001
29 2 18 2001
30 2 25 2001
31 3 4 2001
32 3 11 2001
33 3 18 2001
34 3 25 2001
35 4 1 2001
36 4 8 2001
37 4 15 2001
38 4 22 2001
39 4 29 2001
40 5 6 2001
41 5 13 2001
42 5 20 2001
43 5 27 2001
44 6 3 2001
45 6 10 2001
46 6 17 2001
47 6 24 2001
48 7 1 2001
49 7 8 2001
50 7 15 2001
51 7 22 2001
52 7 29 2001
1 8 5 2001
2 8 12 2001
3 8 19 2001
4 8 26 2001
5 9 2 2001
6 9 9 2001
7 9 16 2001
8 9 23 2001
9 9 30 2001
10 10 7 2001
11 10 14 2001
12 10 21 2001
13 10 28 2001
14 11 4 2001
15 11 11 2001
16 11 18 2001
17 11 25 2001
18 12 2 2001
19 12 9 2001
20 12 16 2001
21 12 23 2001
22 12 30 2001
23 1 6 2002
24 1 13 2002
25 1 20 2002
26 1 27 2002
27 2 3 2002
28 2 10 2002
29 2 17 2002
30 2 24 2002
31 3 3 2002
32 3 10 2002
33 3 17 2002
34 3 24 2002
35 3 31 2002
36 4 7 2002
37 4 14 2002
38 4 21 2002
39 4 28 2002
40 5 5 2002
41 5 12 2002
42 5 19 2002
43 5 26 2002
44 6 2 2002
45 6 9 2002
46 6 16 2002
47 6 23 2002
48 6 30 2002
49 7 7 2002
50 7 14 2002
51 7 21 2002
52 7 28 2002
1 8 4 2002
2 8 11 2002
3 8 18 2002
4 8 25 2002
5 9 1 2002
6 9 8 2002
7 9 15 2002
8 9 22 2002
9 9 29 2002
10 10 6 2002
11 10 13 2002
12 10 20 2002
13 10 27 2002
14 11 3 2002
15 11 10 2002
16 11 17 2002
17 11 24 2002
18 12 1 2002
19 12 8 2002
20 12 15 2002
21 12 22 2002
22 12 29 2002
23 1 5 2003
24 1 12 2003
25 1 19 2003
26 1 26 2003
27 2 2 2003
28 2 9 2003
29 2 16 2003
30 2 23 2003
31 3 2 2003
32 3 9 2003
33 3 16 2003
34 3 23 2003
35 3 30 2003
36 4 6 2003
37 4 13 2003
38 4 20 2003
39 4 27 2003
40 5 4 2003
41 5 11 2003
42 5 18 2003
43 5 25 2003
44 6 1 2003
45 6 8 2003
46 6 15 2003
47 6 22 2003
48 6 29 2003
49 7 6 2003
50 7 13 2003
51 7 20 2003
52 7 27 2003
1 8 3 2003
2 8 10 2003
3 8 17 2003
4 8 24 2003
5 8 31 2003
6 9 7 2003
7 9 14 2003
8 9 21 2003
9 9 28 2003
10 10 5 2003
11 10 12 2003
12 10 19 2003
13 10 26 2003
14 11 2 2003
15 11 9 2003
16 11 16 2003
17 11 23 2003
18 11 30 2003
19 12 7 2003
20 12 14 2003
21 12 21 2003
22 12 28 2003
23 1 4 2004
24 1 11 2004
25 1 18 2004
26 1 25 2004
27 2 1 2004
28 2 8 2004
29 2 15 2004
30 2 22 2004
31 2 29 2004
32 3 7 2004
33 3 14 2004
34 3 21 2004
35 3 28 2004
36 4 4 2004
37 4 11 2004
38 4 18 2004
39 4 25 2004
40 5 2 2004
41 5 9 2004
42 5 16 2004
43 5 23 2004
44 5 30 2004
45 6 6 2004
46 6 13 2004
47 6 20 2004
48 6 27 2004
49 7 4 2004
50 7 11 2004
51 7 18 2004
52 7 25 2004
1 8 1 2004
2 8 8 2004
3 8 15 2004
4 8 22 2004
5 8 29 2004
6 9 5 2004
7 9 12 2004
8 9 19 2004
9 9 26 2004
10 10 3 2004
11 10 10 2004
12 10 17 2004
13 10 24 2004
14 10 31 2004
15 11 7 2004
16 11 14 2004
17 11 21 2004
18 11 28 2004
19 12 5 2004
20 12 12 2004
21 12 19 2004
22 12 26 2004
23 1 2 2005
24 1 9 2005
25 1 16 2005
26 1 23 2005
27 1 30 2005
28 2 6 2005
29 2 13 2005
30 2 20 2005
31 2 27 2005
32 3 6 2005
33 3 13 2005
34 3 20 2005
35 3 27 2005
36 4 3 2005
37 4 10 2005
38 4 17 2005
39 4 24 2005
40 5 1 2005
41 5 8 2005
42 5 15 2005
43 5 22 2005
44 5 29 2005
45 6 5 2005
46 6 12 2005
47 6 19 2005
48 6 26 2005
49 7 3 2005
50 7 10 2005
51 7 17 2005
52 7 24 2005
52 7 31 2005
1 8 7 2005
2 8 14 2005
3 8 21 2005
4 8 28 2005
5 9 4 2005
6 9 11 2005
7 9 18 2005
8 9 25 2005
9 10 2 2005
10 10 9 2005
11 10 16 2005
12 10 23 2005
13 10 30 2005
14 11 6 2005
15 11 13 2005
16 11 20 2005
17 11 27 2005
18 12 4 2005
19 12 11 2005
20 12 18 2005
21 12 25 2005
22 1 1 2006
23 1 8 2006
24 1 15 2006
25 1 22 2006
26 1 29 2006
27 2 5 2006
28 2 12 2006
29 2 19 2006
30 2 26 2006
31 3 5 2006
32 3 12 2006
33 3 19 2006
34 3 26 2006
35 4 2 2006
36 4 9 2006
37 4 16 2006
38 4 23 2006
39 4 30 2006
40 5 7 2006
41 5 14 2006
42 5 21 2006
43 5 28 2006
44 6 4 2006
45 6 11 2006
46 6 18 2006
47 6 25 2006
48 7 2 2006
49 7 9 2006
50 7 16 2006
51 7 23 2006
52 7 30 2006
1 8 6 2006
2 8 13 2006
3 8 20 2006
4 8 27 2006
5 9 3 2006
6 9 10 2006
7 9 17 2006
8 9 24 2006
9 10 1 2006
10 10 8 2006
11 10 15 2006
12 10 22 2006
13 10 29 2006
14 11 5 2006
15 11 12 2006
16 11 19 2006
17 11 26 2006
18 12 3 2006
19 12 10 2006
20 12 17 2006
21 12 24 2006
22 12 31 2006
23 1 7 2007
24 1 14 2007
25 1 21 2007
26 1 28 2007
27 2 4 2007
28 2 11 2007
29 2 18 2007
30 2 25 2007
31 3 4 2007
32 3 11 2007
33 3 18 2007
34 3 25 2007
35 4 1 2007
36 4 8 2007
37 4 15 2007
38 4 22 2007
39 4 29 2007
40 5 6 2007
41 5 13 2007
42 5 20 2007
43 5 27 2007
44 6 3 2007
45 6 10 2007
46 6 17 2007
47 6 24 2007
48 7 1 2007
49 7 8 2007
50 7 15 2007
51 7 22 2007
52 7 29 2007
1 8 5 2007
2 8 12 2007
3 8 19 2007
4 8 26 2007
5 9 2 2007
6 9 9 2007
7 9 16 2007
8 9 23 2007
9 9 30 2007
10 10 7 2007
11 10 14 2007
12 10 21 2007
13 10 28 2007
14 11 4 2007
15 11 11 2007
16 11 18 2007
17 11 25 2007
18 12 2 2007
19 12 9 2007
20 12 16 2007
21 12 23 2007
22 12 30 2007
23 1 6 2008
24 1 13 2008
25 1 20 2008
26 1 27 2008
27 2 3 2008
28 2 10 2008
29 2 17 2008
30 2 24 2008
31 3 2 2008
32 3 9 2008
33 3 16 2008
34 3 23 2008
35 3 30 2008
36 4 6 2008
37 4 13 2008
38 4 20 2008
39 4 27 2008
40 5 4 2008
41 5 11 2008
42 5 18 2008
43 5 25 2008
44 6 1 2008
45 6 8 2008
46 6 15 2008
47 6 22 2008
48 6 29 2008
49 7 6 2008
50 7 13 2008
51 7 20 2008
52 7 27 2008
1 8 3 2008
2 8 10 2008
3 8 17 2008
4 8 24 2008
5 8 31 2008
6 9 7 2008
7 9 14 2008
8 9 21 2008
9 9 28 2008
10 10 5 2008
11 10 12 2008
12 10 19 2008
13 10 26 2008
14 11 2 2008
15 11 9 2008
16 11 16 2008
17 11 23 2008
18 11 30 2008
19 12 7 2008
20 12 14 2008
21 12 21 2008
22 12 28 2008
23 1 4 2009
24 1 11 2009
25 1 18 2009
26 1 25 2009
27 2 1 2009
28 2 8 2009
29 2 15 2009
30 2 22 2009
31 3 1 2009
32 3 8 2009
33 3 15 2009
34 3 22 2009
35 3 29 2009
36 4 5 2009
37 4 12 2009
38 4 19 2009
39 4 26 2009
40 5 3 2009
41 5 10 2009
42 5 17 2009
43 5 24 2009
44 5 31 2009
45 6 7 2009
46 6 14 2009
47 6 21 2009
48 6 28 2009
49 7 5 2009
50 7 12 2009
51 7 19 2009
52 7 26 2009
1 8 2 2009
2 8 9 2009
3 8 16 2009
4 8 23 2009
5 8 30 2009
6 9 6 2009
7 9 13 2009
8 9 20 2009
9 9 27 2009
10 10 4 2009
11 10 11 2009
12 10 18 2009
13 10 25 2009
14 11 1 2009
15 11 8 2009
16 11 15 2009
17 11 22 2009
18 11 29 2009
19 12 6 2009
20 12 13 2009
21 12 20 2009
22 12 27 2009
23 1 3 2010
24 1 10 2010
25 1 17 2010
26 1 24 2010
27 1 31 2010
28 2 7 2010
29 2 14 2010
30 2 21 2010
31 2 28 2010
32 3 7 2010
33 3 14 2010
34 3 21 2010
35 3 28 2010
36 4 4 2010
37 4 11 2010
38 4 18 2010
39 4 25 2010
40 5 2 2010
41 5 9 2010
42 5 16 2010
43 5 23 2010
44 5 30 2010
45 6 6 2010
46 6 13 2010
47 6 20 2010
48 6 27 2010
49 7 4 2010
50 7 11 2010
51 7 18 2010
52 7 25 2010
1 8 1 2010
2 8 8 2010
3 8 15 2010
4 8 22 2010
5 8 29 2010
6 9 5 2010
7 9 12 2010
8 9 19 2010
9 9 26 2010
10 10 3 2010
11 10 10 2010
12 10 17 2010
13 10 24 2010
14 10 31 2010
15 11 7 2010
16 11 14 2010
17 11 21 2010
18 11 28 2010
19 12 5 2010
20 12 12 2010
21 12 19 2010
22 12 26 2010
23 1 2 2011
24 1 9 2011
25 1 16 2011
26 1 23 2011
27 1 30 2011
28 2 6 2011
29 2 13 2011
30 2 20 2011
31 2 27 2011
32 3 6 2011
33 3 13 2011
34 3 20 2011
35 3 27 2011
36 4 3 2011
37 4 10 2011
38 4 17 2011
39 4 24 2011
40 5 1 2011
41 5 8 2011
42 5 15 2011
43 5 22 2011
44 5 29 2011
45 6 5 2011
46 6 12 2011
47 6 19 2011
48 6 26 2011
49 7 3 2011
50 7 10 2011
51 7 17 2011
52 7 24 2011
52 7 31 2011
1 8 7 2011
2 8 14 2011
3 8 21 2011
4 8 28 2011
5 9 4 2011
6 9 11 2011
7 9 18 2011
8 9 25 2011
9 10 2 2011
10 10 9 2011
11 10 16 2011
12 10 23 2011
13 10 30 2011
14 11 6 2011
15 11 13 2011
16 11 20 2011
17 11 27 2011
18 12 4 2011
19 12 11 2011
20 12 18 2011
21 12 25 2011
22 1 1 2012
23 1 8 2012
24 1 15 2012
25 1 22 2012
26 1 29 2012
27 2 5 2012
28 2 12 2012
29 2 19 2012
30 2 26 2012
31 3 4 2012
32 3 11 2012
33 3 18 2012
34 3 25 2012
35 4 1 2012
36 4 8 2012
37 4 15 2012
38 4 22 2012
39 4 29 2012
40 5 6 2012
41 5 13 2012
42 5 20 2012
43 5 27 2012
44 6 3 2012
45 6 10 2012
46 6 17 2012
47 6 24 2012
48 7 1 2012
49 7 8 2012
50 7 15 2012
51 7 22 2012
52 7 29 2012
1 8 5 2012
2 8 12 2012
3 8 19 2012
4 8 26 2012
5 9 2 2012
6 9 9 2012
7 9 16 2012
8 9 23 2012
9 9 30 2012
10 10 7 2012
11 10 14 2012
12 10 21 2012
13 10 28 2012
14 11 4 2012
15 11 11 2012
16 11 18 2012
17 11 25 2012
18 12 2 2012
19 12 9 2012
20 12 16 2012
21 12 23 2012
22 12 30 2012
23 1 6 2013
24 1 13 2013
25 1 20 2013
26 1 27 2013
27 2 3 2013
28 2 10 2013
29 2 17 2013
30 2 24 2013
31 3 3 2013
32 3 10 2013
33 3 17 2013
34 3 24 2013
35 3 31 2013
36 4 7 2013
37 4 14 2013
38 4 21 2013
39 4 28 2013
40 5 5 2013
41 5 12 2013
42 5 19 2013
43 5 26 2013
44 6 2 2013
45 6 9 2013
46 6 16 2013
47 6 23 2013
48 6 30 2013
49 7 7 2013
50 7 14 2013
51 7 21 2013
52 7 28 2013
1 8 4 2013
2 8 11 2013
3 8 18 2013
4 8 25 2013
5 9 1 2013
6 9 8 2013
7 9 15 2013
8 9 22 2013
9 9 29 2013
10 10 6 2013
11 10 13 2013
12 10 20 2013
13 10 27 2013
14 11 3 2013
15 11 10 2013
16 11 17 2013
17 11 24 2013
18 12 1 2013
19 12 8 2013
20 12 15 2013
21 12 22 2013
22 12 29 2013
23 1 5 2014
24 1 12 2014
25 1 19 2014
26 1 26 2014
27 2 2 2014
28 2 9 2014
29 2 16 2014
30 2 23 2014
31 3 2 2014
32 3 9 2014
33 3 16 2014
34 3 23 2014
35 3 30 2014
36 4 6 2014
37 4 13 2014
38 4 20 2014
39 4 27 2014
40 5 4 2014
41 5 11 2014
42 5 18 2014
43 5 25 2014
44 6 1 2014
45 6 8 2014
46 6 15 2014
47 6 22 2014
48 6 29 2014
49 7 6 2014
50 7 13 2014
51 7 20 2014
52 7 27 2014
1 8 3 2014
2 8 10 2014
3 8 17 2014
4 8 24 2014
5 8 31 2014
6 9 7 2014
7 9 14 2014
8 9 21 2014
9 9 28 2014
10 10 5 2014
11 10 12 2014
12 10 19 2014
13 10 26 2014
14 11 2 2014
15 11 9 2014
16 11 16 2014
17 11 23 2014
18 11 30 2014
19 12 7 2014
20 12 14 2014
21 12 21 2014
22 12 28 2014
23 1 4 2015
24 1 11 2015
25 1 18 2015
26 1 25 2015
27 2 1 2015
28 2 8 2015
29 2 15 2015
30 2 22 2015
31 3 1 2015
32 3 8 2015
33 3 15 2015
34 3 22 2015
35 3 29 2015
36 4 5 2015
37 4 12 2015
38 4 19 2015
39 4 26 2015
40 5 3 2015
41 5 10 2015
42 5 17 2015
43 5 24 2015
44 5 31 2015
45 6 7 2015
46 6 14 2015
47 6 21 2015
48 6 28 2015
49 7 5 2015
50 7 12 2015
51 7 19 2015
52 7 26 2015
1 8 2 2015
2 8 9 2015
3 8 16 2015
4 8 23 2015
5 8 30 2015
6 9 6 2015
7 9 13 2015
8 9 20 2015
9 9 27 2015








