       1       1      14      34
       1      15      31      34
       2       1      14      34
       2      15      29      34
       3       1      14      34
       3      15      31      34
       4       1      14      60
       4      15      30     100
       5       1      14     170
       5      15      31     300
       6       1      14     440
       6      15      30     440
       7       1      14     390
       7      15      31     130
       8       1      14      58
       8      15      31      27
       9       1      14      27
       9      15      30      27
      10       1      14      35
      10      15      31      45
      11       1      14      45
      11      15      30      45
      12       1      14      39
      12      15      31      34
