       1       1      14     550
       1      15      31     550
       2       1      14     550
       2      15      29     550
       3       1      14     550
       3      15      31     700
       4       1      14     910
       4      15      30    1150
       5       1      14    1500
       5      15      31    2000
       6       1      14    2500
       6      15      30    2000
       7       1      14    1500
       7      15      31    1200
       8       1      14     880
       8      15      31     700
       9       1      14     660
       9      15      30     620
      10       1      14     580
      10      15      31     520
      11       1      14     550
      11      15      30     550
      12       1      14     550
      12      15      31     550
