       1       1      14     700
       1      15      31     700
       2       1      14     700
       2      15      29     700
       3       1      14     750
       3      15      31     940
       4       1      14    1300
       4      15      30    1750
       5       1      14    2200
       5      15      31    2800
       6       1      14    3500
       6      15      30    2600
       7       1      14    1900
       7      15      31    1400
       8       1      14    1000
       8      15      31     840
       9       1      14     820
       9      15      30     780
      10       1      14     750
      10      15      31     700
      11       1      14     750
      11      15      30     750
      12       1      14     750
      12      15      31     750
