"date" "month" "week" "day" "year" "FirmEnergy" "NonFirmEnergy" "ColFallsFlow" "LowerGraniteFlow" "VernitaBarFlow" "McNaryFlow" "GCRec" "DallesFlood" "IHNav" "BonnevillFlow" "ExtraSpace" "FirmEnergySales" "NonFirmSpotSales" "TotalSysEnergy"
1979-08-05 8 1 5 1979 0 0 0 0 0 0 0 0 1538.21943889181 0 0 NA NA 3281801.22756744
1979-08-12 8 2 12 1979 0 0 0 0 0 0 0 0 327.084163098276 0 0 NA NA 3520632.1406851
1979-08-19 8 3 19 1979 0 697281.352976082 0 0 0 69925.0918140749 0 0 40640.2529342235 0 1624891.09561697 NA NA 2129281.17102392
1979-08-26 8 4 26 1979 0 537219.118904411 0 0 0 57439.2784939413 0 0 34829.0062019031 0 2000735.86590286 NA NA 2247662.26909559
1979-09-02 9 5 2 1979 0 710306.449088059 0 0 0 69859.8796379599 0 0 43694.837369995 0 2385771.63618876 NA NA 2074574.93891194
1979-09-09 9 6 9 1979 0 711467.03812251 0 0 0 0 0 0 46905.8596137874 0 2804922.50942375 NA NA 2017207.61387749
1979-09-16 9 7 16 1979 0 663393.400697689 41.8073400498365 0 0 0 1.11435194820206 0 50392.5575323347 0 3156564.47339799 NA NA 2065281.25130231
1979-09-23 9 8 23 1979 0 846428.659854492 611.25777908983 0 1560.57578495049 0 0 0 52851.5940999722 0 3522437.33369052 NA NA 1882245.99214551
1979-09-30 9 9 30 1979 0 970781.493596132 0 0 15736.752592179 0 0 0 49135.1664266448 0 3980097.37406199 NA NA 1757893.15840387
1979-10-07 10 10 7 1979 0 1113847.47704377 2375.40363516412 0 13741.1145617435 0 0 0 59399.9416686732 0 4105001.49080046 NA NA 1638295.92295623
1979-10-14 10 11 14 1979 18955.3582441541 1124594.28 2356.77354871956 0 12046.9384505109 0 0 0 64300.3845674937 0 4243811.31365598 NA NA 1606966.21263585
1979-10-21 10 12 21 1979 53109.5508952339 1124594.28 1654.68053262602 0 17987.2423422645 0 0 0 62038.8711085074 0 4418559.20788518 NA NA 1572812.01998477
1979-10-28 10 13 28 1979 0 935930.109912256 1099.58889370981 0 8323.02626368119 0 0 0 40257.9211874233 0 4533582.24743838 NA NA 1816213.29008774
1979-11-04 11 14 4 1979 0 756390.432378886 1602.11827963737 0 0 0 0 0 28027.6447087579 0 4564835.6671257 NA NA 2073055.58762111
1979-11-11 11 15 11 1979 0 1145081.87401559 2056.56275734332 0 0 0 0 0 66388.8606696588 0 4687860.16725127 NA NA 2019798.04998441
1979-11-18 11 16 18 1979 0 1054567.38766045 0 0 0 0 0 0 72738.011453116 0 5250100.84046398 NA NA 2013948.99633955
1979-11-25 11 17 25 1979 16234.5388485577 1105533.36 0 0 0 0 0 0 70146.4071108272 0 5766404.60764081 NA NA 1944785.50212744
1979-12-02 12 18 2 1979 58583.9022679953 997521.48 0 0 734.761789649332 0 0 0 61247.1787512173 0 6306627.28201029 NA NA 1902436.138708
1979-12-09 12 19 9 1979 0 724079.716182602 0 0 0 0 0 0 69682.2990641982 0 6225642.01539587 NA NA 2559949.7958174
1979-12-16 12 20 16 1979 0 488336.274698859 0 0 0 0 0 0 64812.1823642883 0 6827514.81137905 NA NA 2795693.23730114
1979-12-23 12 21 23 1979 0 796076.029013095 0 0 0 0 0 0 67933.7435030233 0 7460947.15082289 NA NA 2487953.4829869
1979-12-30 12 22 30 1979 0 828560.41109899 0 0 0 0 0 0 64272.7381863112 0 7714044.51318046 NA NA 2455469.10090101
1980-01-06 1 23 6 1980 0 330605.861628008 0 0 0 0 0 0 61340.5924786592 0 8208117.18903392 NA NA 2955147.91037199
1980-01-13 1 24 13 1980 251395.330572242 1009169.82 0 0 0 0 11.8393183221458 0 69780.6172468417 0 9524960.21203542 NA NA 2022912.03747576
1980-01-20 1 25 20 1980 29881.5310963048 1009169.82 0 0 0 0 11.8393183221458 0 61686.5763705027 0 9638660.12574705 NA NA 2244425.8369517
1980-01-27 1 26 27 1980 120570.902106197 1009169.82 0 0 0 0 11.8393183221458 0 60129.503545345 0 10077391.5898654 NA NA 2153736.4659418
1980-02-03 2 27 3 1980 164877.645887392 1021877.1 0 0 0 0 11.8393183221458 0 67753.5475820578 0 10428677.690153 NA NA 2109429.72216061
1980-02-10 2 28 10 1980 0 1020881.25811795 0 0 0 0 11.8393183221458 0 67751.2476912424 0 10762240.3083124 NA NA 2188684.55388205
1980-02-17 2 29 17 1980 0 940175.895206918 0 0 0 0 16.9818019471313 0 67284.7708602731 0 11203656.1549833 NA NA 2199499.87679308
1980-02-24 2 30 24 1980 0 661299.93917173 0 0 0 0 22.1003196441279 0 41092.5844852892 0 11694591.2643213 NA NA 2478375.83282827
1980-03-02 3 31 2 1980 0 831734.422538347 0 0 0 0 27.6131307362839 0 9470.30742510904 0 12185750.1380327 NA NA 2307941.34946165
1980-03-09 3 32 9 1980 0 682855.477259757 2068.42875280985 0 0 0 22.617937386636 0 28091.1999219988 0 11459721.0559957 NA NA 2270669.07074024
1980-03-16 3 33 16 1980 0 867530.638436404 2413.04658226751 0 0 0 21.5554871877928 0 42701.5068807649 0 10580315.4066959 NA NA 2085993.9095636
1980-03-23 3 34 23 1980 0 991764.032935553 2401.10876420665 0 0 0 21.1130524024654 0 46587.9076107994 0 9839858.26565688 NA NA 1983998.25506445
1980-03-30 3 35 30 1980 0 1074117.09697576 2391.17089855329 0 0 0 20.7284840721175 0 49978.4634476973 0 9186703.63910673 NA NA 1901645.19102424
1980-04-06 4 36 6 1980 0 1166383.06313407 2502.2087618867 0 0 0 20.2217917536664 0 56493.8393480531 0 17894097.7357286 NA NA 1739672.39686593
1980-04-13 4 37 13 1980 0 1026587.86325474 2384.48033440318 53564.0948155939 43718.3115787786 0 20.0564781665819 0 53918.2203862857 0 17826108.2508362 NA NA 1879467.59674526
1980-04-20 4 38 20 1980 0 887090.844599265 0 13827.5421956493 41759.0292802452 71556.6374317157 28.0048284977131 0 19313.4435271548 0 18468976.9486505 NA NA 2199582.87140074
1980-04-27 4 39 27 1980 0 90850.6814799588 0 0 8178.58697128507 7526.9256994235 36.619614165922 0 0 0 18593480.3626149 NA NA 2995823.03452004
1980-05-04 5 40 4 1980 0 0 0 0 0 0 44.9654564492132 0 0 0 19218476.2587116 NA NA 4094885.16566392
1980-05-11 5 41 11 1980 0 0 0 0 0 0 48 0 0 0 17482475.1968904 NA NA 4182985.01211845
1980-05-18 5 42 18 1980 0 0 0 0 0 0 42.305911597643 0 0 0 19427520.0291226 NA NA 3994350.95991185
1980-05-25 5 43 25 1980 0 1036306.77964533 0 0 55142.0801871707 60649.0740305493 33.0771992822888 0 0 0 17924549.1004817 NA NA 2313177.74835467
1980-06-01 6 44 1 1980 0 977448.166091125 0 0 70701.1878295197 78280.5004614823 16.7688468680167 0 0 0 15401848.1654986 NA NA 2372036.36190887
1980-06-08 6 45 8 1980 0 0 0 0 0 0 0 0 0 0 11963566.4800318 NA NA 3632993.15293604
1980-06-15 6 46 15 1980 0 390088.686430506 0 0 27537.6181083454 18572.0182687408 0 0 0 0 10447040.4652248 NA NA 2758602.00556949
1980-06-22 6 47 22 1980 0 0 0 0 6353.72099707567 5219.40469051205 0 0 0 0 8635630.62253886 NA NA 3160726.64685309
1980-06-29 6 48 29 1980 0 420943.165592621 0 0 16501.6793045011 21509.689387922 0 0 15371.0267453132 0 7132460.75711989 NA NA 2727747.52640738
1980-07-06 7 49 6 1980 0 0 0 0 0 0 0 0 21539.578939413 0 5824697.80381386 NA NA 3105392.05960407
1980-07-13 7 50 13 1980 0 410893.191110676 0 0 0 2986.52725986636 0 0 14782.9628783006 0 5301801.73732544 NA NA 2541372.48888932
1980-07-20 7 51 20 1980 0 258556.351377305 0 0 0 12802.0330760031 0 0 35675.8176236082 0 4761901.7569823 NA NA 2693709.32862269
1980-07-27 7 52 27 1980 0 746339.025598848 0 584.858653179945 0 31520.4243929289 0 0 48624.9683173027 0 4458109.37102 NA NA 2205926.65440115
1980-08-03 8 1 3 1980 0 620446.931671328 0 2998.55171136367 0 44385.4702013404 0 0 52665.8398563865 0 4257554.91455186 NA NA 2206115.59232867
1980-08-10 8 2 10 1980 185447.865090886 903275.82 0 7434.29473321344 0 87976.5659138695 0 0 57596.060264813 0 4433498.26673249 NA NA 1735915.55220511
1980-08-17 8 3 17 1980 0 781394.934526983 0 10842.2558559604 0 55354.1372217418 0 0 61015.8705401448 0 4213136.8138477 NA NA 2045167.58947302
1980-08-24 8 4 24 1980 12168.8467799004 903275.82 0 7052.16364166106 0 84347.2495198057 0 0 58432.3540054466 0 4473586.3830929 NA NA 1867555.1156521
1980-08-31 8 5 31 1980 0 850266.737993172 0 10871.4974109715 0 58708.416247194 0 0 59886.6180205802 0 4495565.04838224 NA NA 1934614.65000683
1980-09-07 9 6 7 1980 201219.830697932 987991.02 0 0 12353.6770644214 0 0 0 63462.4609214577 0 4616860.29186325 NA NA 1537723.11767007
1980-09-14 9 7 14 1980 83083.327760878 987991.02 0 0 0 0 0 0 62636.5501015749 0 4659369.99562048 NA NA 1655859.62060712
1980-09-21 9 8 21 1980 0 968597.519094859 0 0 8341.89220493873 0 0 0 43313.6516804964 0 4750500.08068736 NA NA 1760077.13290514
1980-09-28 9 9 28 1980 0 958609.257299269 0 0 8653.68424303366 0 0 0 43877.3995737968 0 4860131.31845127 NA NA 1770065.39470073
1980-10-05 10 10 5 1980 112843.401990979 1124594.28 1992.20014225355 0 14364.440488977 0 0 0 69651.4587717494 0 4560436.14805172 NA NA 1513078.16888902
1980-10-12 10 11 12 1980 0 1115575.22236965 2071.886777294 0 818.067883110867 0 0 0 72800.6507098048 0 4360474.0713297 NA NA 1636568.17763035
1980-10-19 10 12 19 1980 25238.841723511 1124594.28 1534.75029743605 0 13400.8001467308 0 0 0 66879.5070084377 0 4369477.63452503 NA NA 1600682.72915649
1980-10-26 10 13 26 1980 0 1051889.92491209 1446.98956870425 0 7230.60299370193 0 0 0 64730.8917740503 0 4398368.35833085 NA NA 1700253.47508791
1980-11-02 11 14 2 1980 0 1009722.24385106 1319.95867613673 0 3907.11501354295 0 0 0 47923.7020655688 0 4459797.08963599 NA NA 1819723.77614894
1980-11-09 11 15 9 1980 0 1132836.22419267 0 0 0 0 0 0 79744.2740110833 0 4575108.79417243 NA NA 2032043.69980733
1980-11-16 11 16 16 1980 0 670686.743932813 0 0 0 0 0 0 50886.5873941811 0 5085263.49243841 NA NA 2397829.64006719
1980-11-23 11 17 23 1980 0 906592.489093313 0 0 0 0 0 0 75308.4149779884 0 5111462.54366878 NA NA 2161923.89490669
1980-11-30 11 18 30 1980 0 680123.691431207 0 0 0 0 0 0 59209.4074832001 0 5520745.56139554 NA NA 2280380.81256879
1980-12-07 12 19 7 1980 0 285254.492735553 0 0 0 0 0 0 74425.3179568565 0 5454371.96880869 NA NA 2998775.01926445
1980-12-14 12 20 14 1980 0 369065.213249954 0 0 0 0 0 0 68220.2634948765 0 6114745.57127497 NA NA 2914964.29875005
1980-12-21 12 21 21 1980 0 564083.07965309 0 0 0 0 0 0 74370.6804002323 0 6612664.41382085 NA NA 2719946.43234691
1980-12-28 12 22 28 1980 0 451874.725585595 0 0 0 0 0 0 59381.7617109108 0 7096504.58756588 NA NA 2832154.7864144
1981-01-04 1 23 4 1981 0 0 0 0 0 0 0 0 28992.6202601736 0 7081468.01487549 NA NA 3472419.20521107
1981-01-11 1 24 11 1981 0 0 0 0 0 0 0 0 47132.7861565593 0 6532780.32300372 NA NA 3651271.12446237
1981-01-18 1 25 18 1981 0 0 0 0 0 0 1.9356941756339 0 51926.7820589243 0 6829447.23478096 NA NA 3835249.75934701
1981-01-25 1 26 25 1981 0 271183.783163468 0 0 0 0 9.81755319179024 0 57371.6135450332 0 8095296.95247476 NA NA 3014569.98883653
1981-02-01 2 27 1 1981 0 366358.881053619 0 0 0 0 11.8393183221458 0 45992.1307336702 0 8639916.0494051 NA NA 2932102.17094638
1981-02-08 2 28 8 1981 0 116113.647949152 0 0 0 0 11.8393183221458 0 59060.6336030085 0 8698946.89914109 NA NA 3093452.16405085
1981-02-15 2 29 15 1981 0 311589.438429747 0 0 0 0 16.9818019471313 0 62903.884120447 0 8850652.71414535 NA NA 2828086.33357025
1981-02-22 2 30 22 1981 0 0 0 0 0 0 22.1003196441279 0 30584.1461531837 0 8969463.11352148 NA NA 3283881.16776216
1981-03-01 3 31 1 1981 0 0 0 0 0 0 27.6131307362839 0 9397.77840255489 0 8663646.31106107 NA NA 3604447.66708627
1981-03-08 3 32 8 1981 0 0 0 0 0 0 22.9093389567197 0 43544.2132851583 0 7362814.76991183 NA NA 3396419.47201799
1981-03-15 3 33 15 1981 0 454748.083974607 0 0 0 0 26.5986832745125 0 50520.4705227563 0 6889510.94056416 NA NA 2498776.46402539
1981-03-22 3 34 22 1981 0 418021.189817372 0 0 0 0 26.0925200645615 0 35688.4746128623 0 6072723.23026258 NA NA 2557741.09818263
1981-03-29 3 35 29 1981 0 409859.654832035 0 0 0 0 25.6800829109618 0 40787.7215395143 0 4980153.62928586 NA NA 2565902.63316796
1981-04-05 4 36 5 1981 0 738991.87608293 0 0 0 0 25.0998602333368 0 35635.4008014583 0 13519087.9623674 NA NA 2167063.58391707
1981-04-12 4 37 12 1981 0 561096.652329833 0 51146.1478333866 18452.0216065521 0 24.9187784280164 0 50166.5714329047 0 12930121.9416553 NA NA 2344958.80767017
1981-04-19 4 38 19 1981 0 1112438.24966159 0 46742.077830144 43973.7762589956 111274.553785863 32.6911212296764 0 50900.2940646088 0 13277229.739733 NA NA 1974235.46633841
1981-04-26 4 39 26 1981 0 865718.347655217 0 5569.67846576594 51314.9505068785 102752.761505061 40.4889254210889 0 19566.9835979005 0 13276208.288004 NA NA 2220955.36834478
1981-05-03 5 40 3 1981 0 0 0 0 0 0 48.9565522346668 0 0 0 18688547.0644921 NA NA 3489518.79590492
1981-05-10 5 41 10 1981 0 0 0 0 0 0 48.9565522346668 0 0 0 17469654.3137635 NA NA 3939272.26012451
1981-05-17 5 42 17 1981 0 633163.957159223 0 1202.96100608115 17930.3007690582 39273.8929503608 48.9368765438637 0 5991.93827231374 0 20744114.2182927 NA NA 2716320.57084078
1981-05-24 5 43 24 1981 0 483938.428089205 0 0 5712.50678297202 63784.6239945342 45.5995157682844 0 11132.2191387262 0 19810395.2947178 NA NA 2865546.0999108
1981-05-31 5 44 31 1981 0 524474.139040387 0 0 33116.3458640774 58891.0908558605 42.7920380233174 0 0 0 17926162.2683642 NA NA 2825010.38895961
1981-06-07 6 45 7 1981 0 0 0 0 0 0 12.711884966981 0 0 0 13654954.3523047 NA NA 3643007.78732236
1981-06-14 6 46 14 1981 0 0 0 0 0 0 0.104978450405952 0 0 0 11087568.6563699 NA NA 4056221.4694805
1981-06-21 6 47 21 1981 0 0 0 0 0 0 0.462802074759793 0 0 0 9200559.64645311 NA NA 4001544.76370359
1981-06-28 6 48 28 1981 0 0 0 0 0 0 0 0 0 0 7445798.25879417 NA NA 3955631.68925855
1981-07-05 7 49 5 1981 0 0 0 0 0 0 0 0 27377.8500624059 0 5768643.30410296 NA NA 3608377.37438857
1981-07-12 7 50 12 1981 0 0 0 0 0 0 0 0 31402.7532705412 0 4598371.56212585 NA NA 3759721.17849032
1981-07-19 7 51 19 1981 0 0 0 0 0 0 0 0 44477.831093256 0 3373943.01575007 NA NA 3654340.82420645
1981-07-26 7 52 26 1981 0 0 0 8893.10099236518 0 0 0 0 57781.724066265 0 2670387.05362445 NA NA 3262981.30916064
1981-08-02 8 1 2 1981 0 0 0 12321.2306816305 0 0 0 0 59126.3409984998 0 2207169.43796986 NA NA 3317626.64402356
1981-08-09 8 2 9 1981 0 0 0 17559.5298523224 0 0 0 0 63174.4382808144 0 1987124.68675336 NA NA 3180244.56958008
1981-08-16 8 3 16 1981 0 409301.119040026 0 20198.0908813173 0 42544.9762854339 0 0 65972.6763112276 0 1925494.81884383 NA NA 2417261.40495997
1981-08-23 8 4 23 1981 0 25764.4454315203 0 21214.895283352 0 38945.078751039 0 0 67042.7217921471 0 1915541.42303552 NA NA 2759116.94256848
1981-08-30 8 5 30 1981 0 245231.048436243 0 22632.2746697219 0 43707.5921632946 0 0 68127.3451445675 0 2241786 NA NA 2539650.33956376
1981-09-06 9 6 6 1981 0 397560.261267422 0 0 0 0 0 0 66426.6321257534 0 2599771 NA NA 2331114.39073258
1981-09-13 9 7 13 1981 0 495993.255381377 0 0 0 0 0 0 67015.6810168457 0 2945739 NA NA 2232681.39661862
1981-09-20 9 8 20 1981 0 693400.671304218 0 0 0 0 0 0 68592.4907912019 0 3258345 NA NA 2035273.98069578
1981-09-27 9 9 27 1981 0 764344.648591837 0 0 0 0 0 0 64789.7484390116 0 3761087.48120724 NA NA 1964330.00340816
1981-10-04 10 10 4 1981 0 801518.813038727 482.110162788919 0 0 0 0 0 63993.5368509274 0 3761281.45685466 NA NA 1950624.58696127
1981-10-11 10 11 11 1981 0 672703.541856355 1475.39200540071 0 0 0 0 0 68768.8787372945 0 3673740.25232588 NA NA 2079439.85814365
1981-10-18 10 12 18 1981 0 623848.912954916 1635.75458503209 0 0 0 0 0 57279.4930241819 0 3609671.18199632 NA NA 2128294.48704508
1981-10-25 10 13 25 1981 0 819963.601067445 1822.39030346152 0 0 0 0 0 63190.2282646324 0 3566950.61448173 NA NA 1932179.79893255
1981-11-01 11 14 1 1981 0 937960.433303537 1633.80347337472 0 2557.8138813027 0 0 0 50840.9323821134 0 3747502.5130496 NA NA 1891485.58669646
1981-11-08 11 15 8 1981 0 1009129.5103671 0 0 0 0 0 0 82383.8993223208 0 3880788.80493423 NA NA 2155750.4136329
1981-11-15 11 16 15 1981 0 1083011.88418013 0 0 0 0 0 0 88486.8865586236 0 4335613.19067318 NA NA 1985504.49981987
1981-11-22 11 17 22 1981 0 709131.471996674 0 0 0 0 0 0 63853.2223057567 0 4717870.41969609 NA NA 2359384.91200333
1981-11-29 11 18 29 1981 0 559459.061445251 0 0 0 0 0 0 47763.3304571485 0 5128598.01950507 NA NA 2401045.44255475
1981-12-06 12 19 6 1981 0 534145.074602493 0 0 0 0 0 0 68821.0679581206 0 4714678.38757875 NA NA 2749884.43739751
1981-12-13 12 20 13 1981 0 431530.786416587 0 0 0 0 0 0 63903.390079569 0 4889683.41029452 NA NA 2852498.72558341
1981-12-20 12 21 20 1981 0 630064.999055667 0 0 0 0 0 0 63441.1048631885 0 4884001.88849763 NA NA 2653964.51294433
1981-12-27 12 22 27 1981 0 591149.788075549 0 0 0 0 0 0 38911.807456066 0 4657956.76467533 NA NA 2692879.72392445
1982-01-03 1 23 3 1982 0 0 0 0 0 0 0 0 47324.265049813 0 4469175.69196761 NA NA 3435835.46494639
1982-01-10 1 24 10 1982 0 0 0 0 0 0 1.8118280223473 0 56126.6650101144 0 4998932.85095684 NA NA 3521187.77602163
1982-01-17 1 25 17 1982 0 0 0 0 0 0 8.76881813178329 0 52185.1790217424 0 5872296.28858864 NA NA 3622857.94502003
1982-01-24 1 26 24 1982 0 606597.291271974 0 0 0 0 11.8393183221458 0 53709.5687159089 0 6869049.82435252 NA NA 2679156.48072803
1982-01-31 1 27 31 1982 0 876247.031456916 0 0 0 0 11.8393183221458 0 55002.8749204565 0 7117228.89694316 NA NA 2422214.02054308
1982-02-07 2 28 7 1982 0 69692.3925515835 562.320914682066 0 0 0 11.8393183221458 0 58585.2738151509 0 5990458.04817528 NA NA 3139873.41944842
1982-02-14 2 29 14 1982 0 288586.504120178 0 0 0 0 16.7704332363473 0 59558.1694785892 0 5770303.425718 NA NA 2851089.26787982
1982-02-21 2 30 21 1982 0 0 0 0 0 0 22.1003196441279 0 13963.6586301162 0 5328138.1298479 NA NA 3210462.53888529
1982-02-28 2 31 28 1982 0 0 1028.9971977778 0 0 0 27.6131307362839 0 0 0 4027872.00946365 NA NA 3410484.95169816
1982-03-07 3 32 7 1982 0 0 1636.67473767911 0 0 0 22.8209470315801 0 8029.67542251064 0 1878376.73638036 NA NA 3070898.23189614
1982-03-14 3 33 14 1982 0 0 1827.19466561194 0 0 0 26.5026640308583 0 6925.82748761745 0 456020.563218288 NA NA 3656910.89327201
1982-03-21 3 34 21 1982 0 0 1327.49100959834 0 0 0 34.1578576311551 0 0 0 0 NA NA 3797678.7024135
1982-03-28 3 35 28 1982 0 0 923.762234793785 0 0 0 43.0748239263871 0 0 0 0 NA NA 3633629.35633827
1982-04-04 4 36 4 1982 0 78542.2036942642 0 0 0 0 52.6970721568966 0 0 0 14443933.5928692 NA NA 2827513.25630574
1982-04-11 4 37 11 1982 0 359884.292050714 0 11898.8070128171 33722.9978884787 0 57.1632491001076 0 12753.1516112903 0 14288206.2781765 NA NA 2546171.16794929
1982-04-18 4 38 18 1982 0 0 0 0 18713.99059554 18783.5790495576 61.8952504831691 0 0 0 15899452.6805184 NA NA 3117705.33564667
1982-04-25 4 39 25 1982 0 45664.1882202402 0 0 6846.77071994801 0 66.9539685251668 0 0 0 16215577.8666928 NA NA 3041009.52777976
1982-05-02 5 40 2 1982 0 932701.674940307 0 518.117449509402 40120.4688388028 79744.9510195162 72 0 20725.4734134314 0 20655151.1362153 NA NA 2416782.85305969
1982-05-09 5 41 9 1982 0 0 0 0 0 0 72 0 0 0 19497228.4046466 NA NA 3770042.93491014
1982-05-16 5 42 16 1982 0 716048.698999678 0 0 63082.600882098 0 72 0 0 0 23799636.8084516 NA NA 2633435.82900032
1982-05-23 5 43 23 1982 0 1172123.3980774 0 0 92913.3306834626 62359.2960474922 36.8540427414716 0 0 0 22130571.8109919 NA NA 2177361.1299226
1982-05-30 5 44 30 1982 0 0 0 0 0 0 19.7121778678634 0 0 0 18820445.8838359 NA NA 4651526.80499886
1982-06-06 6 45 6 1982 0 0 0 0 0 0 42.0213595360824 0 0 0 17762703.059116 NA NA 4122270.29160111
1982-06-13 6 46 13 1982 0 0 0 0 0 0 22.2017940151095 0 0 0 15065929.1913627 NA NA 4184323.68069517
1982-06-20 6 47 20 1982 0 0 0 0 0 0 10.9987696568492 0 0 0 12723429.2396437 NA NA 4111039.71496593
1982-06-27 6 48 27 1982 0 0 0 0 0 0 4.81316212121419 0 0 0 9639435.94040857 NA NA 4358754.73777792
1982-07-04 7 49 4 1982 0 0 0 0 0 0 0 0 0 0 5340971.05723323 NA NA 4919195.79400427
1982-07-11 7 50 11 1982 0 0 0 0 0 0 0 0 0 0 3298099.35471852 NA NA 4818455.93374385
1982-07-18 7 51 18 1982 0 0 0 0 0 0 0 0 0 0 1923156.73675341 NA NA 4194560.30456431
1982-07-25 7 52 25 1982 0 0 0 0 0 0 0 0 16795.221617228 0 1338405.90804628 NA NA 3744902.96707212
1982-08-01 8 1 1 1982 0 0 0 0 0 0 0 0 30967.62321984 0 997643.610566817 NA NA 3638470.68059792
1982-08-08 8 2 8 1982 0 0 0 0 0 0 0 0 37470.8082234571 0 1186223 NA NA 3868122.21433535
1982-08-15 8 3 15 1982 0 0 0 3557.31503330696 0 0 0 0 47899.132890068 0 1535012 NA NA 3434259.80867999
1982-08-22 8 4 22 1982 0 0 0 9636.67464997882 0 0 0 0 54001.2235969242 0 1883803 NA NA 3439461.8950228
1982-08-29 8 5 29 1982 0 218430.446428587 0 12879.3972262692 0 28400.9902593352 0 0 57729.4153310289 0 2232594 NA NA 2566450.94157141
1982-09-05 9 6 5 1982 0 435173.509037051 0 0 0 0 0 0 57416.0488029181 0 2599771 NA NA 2293501.14296295
1982-09-12 9 7 12 1982 0 157093.112257517 0 0 0 0 0 0 54472.9248351782 0 2945739 NA NA 2571581.53974248
1982-09-19 9 8 19 1982 0 0 0 0 0 0 0 0 52821.602317209 0 3258345 NA NA 2831404.59206825
1982-09-26 9 9 26 1982 0 512756.170619798 0 0 0 0 0 0 41974.9372107036 0 3619963 NA NA 2215918.4813802
1982-10-03 10 10 3 1982 0 504935.783115292 0 0 0 0 0 0 50929.1355105804 0 3598749.38998925 NA NA 2247207.61688471
1982-10-10 10 11 10 1982 0 529379.680221395 993.01365819766 0 0 0 0 0 45269.0572729001 0 3478103.28529514 NA NA 2222763.7197786
1982-10-17 10 12 17 1982 0 779190.397050625 1433.2202619268 0 0 0 0 0 56363.758943653 0 3356926.95892323 NA NA 1972953.00294937
1982-10-24 10 13 24 1982 0 785259.315497049 1162.20900324446 0 0 0 0 0 63744.3002056489 0 3376335.54322544 NA NA 1966884.08450295
1982-10-31 10 14 31 1982 0 627353.287679776 303.622108902603 0 0 0 0 0 34719.4467597254 0 3502615.46605003 NA NA 2202092.73232022
1982-11-07 11 15 7 1982 0 805241.575844483 0 0 0 0 0 0 52006.1354789617 0 3458821.12677495 NA NA 2359638.34815552
1982-11-14 11 16 14 1982 0 711139.960476739 0 0 0 0 0 0 67302.0475317952 0 3496693.08875443 NA NA 2357376.42352326
1982-11-21 11 17 21 1982 0 755482.933465656 0 0 0 0 0 0 72705.6026761222 0 4043128.99476445 NA NA 2313033.45053434
1982-11-28 11 18 28 1982 0 518252.745704238 0 0 0 0 0 0 47645.47149456 0 4586617.17437429 NA NA 2442251.75829576
1982-12-05 12 19 5 1982 0 352072.768668716 0 0 0 0 0 0 67782.821944775 0 4242763.13431377 NA NA 2931956.74333128
1982-12-12 12 20 12 1982 0 408070.578036081 0 0 0 0 0 0 59200.3587480764 0 4627014.92782541 NA NA 2875958.93396392
1982-12-19 12 21 19 1982 0 604815.174668743 0 0 0 0 0 0 66203.3476236979 0 4727580.841097 NA NA 2679214.33733126
1982-12-26 12 22 26 1982 0 551014.122110861 0 0 0 0 0 0 51540.5938877382 0 4813816.89141309 NA NA 2733015.38988914
1983-01-02 1 23 2 1983 0 324342.886688445 0 0 0 0 0 0 48774.8937526071 0 5039308.35567355 NA NA 2961410.88531156
1983-01-09 1 24 9 1983 0 0 0 0 0 0 3.25760115237608 0 58020.2642985974 0 5412236.13278415 NA NA 3434419.86365423
1983-01-16 1 25 16 1983 0 0 0 0 0 0 9.43526093131345 0 39708.6352030183 0 6325521.74064634 NA NA 3542613.36703933
1983-01-23 1 26 23 1983 0 0 0 0 0 0 11.0988862042348 0 40995.638873055 0 6948885.84755056 NA NA 3772247.01263554
1983-01-30 1 27 30 1983 0 589073.778340648 0 0 0 0 11.8393183221458 0 48366.0773995123 0 8001449.24237588 NA NA 2709387.27365935
1983-02-06 2 28 6 1983 0 87770.2758483074 0 0 0 0 11.8393183221456 0 56594.0340266433 0 7240885.13451093 NA NA 3121795.53615169
1983-02-13 2 29 13 1983 0 0 0 0 0 0 15.6990504638607 0 50633.1345542849 0 7030771.36537563 NA NA 3261234.30897575
1983-02-20 2 30 20 1983 0 305969.002694726 0 0 0 0 22.1003196441279 0 35024.0726749895 0 7151482.48395932 NA NA 2833706.76930527
1983-02-27 2 31 27 1983 0 41193.5975128295 0 0 0 0 27.6131307362839 0 8634.87887925118 0 6480297.69876567 NA NA 3098482.17448717
1983-03-06 3 32 6 1983 0 0 0 0 0 0 33.3301546436078 0 4279.566176444 0 5610641.91471905 NA NA 3002843.72625816
1983-03-13 3 33 13 1983 0 0 0 0 0 0 38.3000569160615 0 0 0 4433256.39330836 NA NA 3356898.92857402
1983-03-20 3 34 20 1983 0 0 0 0 0 0 39.4415969387721 0 0 0 3155074.17145972 NA NA 3214132.91053448
1983-03-27 3 35 27 1983 0 0 0 0 0 0 33.6262676004274 0 0 0 1220819.2102234 NA NA 3952612.05896174
1983-04-03 4 36 3 1983 0 0 0 0 0 0 43.5816334526364 0 1233.13088148413 0 15656720.0580553 NA NA 3220540.41919953
1983-04-10 4 37 10 1983 0 0 0 0 0 0 49.3662220780745 0 0 0 15670193.3773465 NA NA 3288250.0707578
1983-04-17 4 38 17 1983 0 564840.784394094 0 0 34676.6211582094 36694.9976748801 55.3931214071652 0 0 0 16920649.2181039 NA NA 2521832.93160591
1983-04-24 4 39 24 1983 0 856295.437713813 0 2327.83794281991 42151.915673373 85778.6636360621 61.6462621687376 0 22773.9427605002 0 17134146.2815047 NA NA 2230378.27828619
1983-05-01 5 40 1 1983 0 116549.671415036 0 9176.28939113676 0 0 68.4639172183995 0 21402.7565733981 0 19758743.869968 NA NA 3232934.85658496
1983-05-08 5 41 8 1983 0 0 0 0 0 0 68.4639172183995 0 528.390871328986 0 17945455.5723986 NA NA 3451759.69962723
1983-05-15 5 42 15 1983 0 741114.778781663 0 0 53951.3778436062 44274.8993531347 68.4639172183995 0 0 0 21976422.8249344 NA NA 2608369.74921834
1983-05-22 5 43 22 1983 0 771732.015574015 0 0 41320.9010097401 39778.0703475149 38.930381278755 0 0 0 19323093.0317931 NA NA 2577752.51242599
1983-05-29 5 44 29 1983 0 796364.03059565 0 0 50146.7145865701 72043.3709546242 23.2055214790846 0 0 0 17085565.5607038 NA NA 2553120.49740435
1983-06-05 6 45 5 1983 0 0 0 0 0 0 12.2107852696533 0 0 0 13216787.9189606 NA NA 4763015.65460797
1983-06-12 6 46 12 1983 0 0 0 0 0 0 27.9227289384858 0 0 0 10398982.9929253 NA NA 3809441.0505001
1983-06-19 6 47 19 1983 0 0 0 0 0 0 0 0 0 0 5641835.56610135 NA NA 4265762.04889694
1983-06-26 6 48 26 1983 0 0 0 0 0 0 0 0 0 0 3856793.29333179 NA NA 4415548.47259231
1983-07-03 7 49 3 1983 0 0 0 0 0 0 0 0 0 0 3237964.67243758 NA NA 4129048.91862579
1983-07-10 7 50 10 1983 0 0 0 0 0 0 0 0 0 0 2739242.85561851 NA NA 4247792.15799762
1983-07-17 7 51 17 1983 0 0 0 0 0 0 0 0 5800.50399356587 0 2213704.47727901 NA NA 3411824.51023
1983-07-24 7 52 24 1983 0 0 0 0 0 0 0 0 10970.5532674578 0 1312264.30963223 NA NA 4310564.07278333
1983-07-31 7 52 31 1983 0 0 0 0 0 0 0 0 43170.6594003045 0 993880.783362538 NA NA 2986231.11310444
1983-08-07 8 1 7 1983 0 0 0 0 0 0 0 0 42622.2412846 0 790295 NA NA 3496679.19506848
1983-08-14 8 2 14 1983 0 0 0 1339.80431365879 0 2806.38491702784 0 0 50124.4130911227 0 1243255.63016493 NA NA 3405112.73437079
1983-08-21 8 3 21 1983 0 290343.955574928 0 440.821912023661 0 38006.8255857028 0 0 47442.2566480844 0 2008125.41532525 NA NA 2536218.56842507
1983-08-28 8 4 28 1983 0 301397.222814445 0 0 0 44815.1370952647 0 0 46353.6169659657 0 1989470.36706656 NA NA 2483484.16518555
1983-09-04 9 5 4 1983 0 352648.407330788 0 1735.47746834752 0 52092.6068973091 0 0 47968.7334494727 0 2333038.98564588 NA NA 2432232.98066921
1983-09-11 9 6 11 1983 0 365620.622973869 0 0 0 0 0 0 55896.554638228 0 2702430.12298787 NA NA 2363054.02902613
1983-09-18 9 7 18 1983 0 396932.727727858 0 0 0 0 0 0 53575.5090805068 0 3059804.90814818 NA NA 2331741.92427214
1983-09-25 9 8 25 1983 0 581678.944766387 0 0 0 0 0 0 54728.5116940564 0 3383817.6933085 NA NA 2146995.70723361
1983-10-02 10 9 2 1983 0 730981.686950459 0 0 0 0 0 0 55711.9355019334 0 3773770.82563823 NA NA 1997692.96504954
1983-10-09 10 10 9 1983 0 1017002.21588599 1468.7458636502 0 11639.5721898151 0 0 0 56425.1187501629 0 3969722.06952272 NA NA 1735141.18411401
1983-10-16 10 11 16 1983 0 989295.793367465 1856.64938681529 0 10657.9911719978 0 0 0 53536.2121232242 0 4057997.17394447 NA NA 1762847.60663254
1983-10-23 10 12 23 1983 0 1035138.93564152 1541.79347114386 0 12051.710266837 0 0 0 56442.6001717106 0 4140669.74652158 NA NA 1717004.46435848
1983-10-30 10 13 30 1983 0 872691.376446103 1310.81926748096 0 0 0 0 0 57011.19693981 0 4213449.75543424 NA NA 1879452.0235539
1983-11-06 11 14 6 1983 0 700266.013156367 0 0 0 0 0 0 38019.048880496 0 4303649.98815599 NA NA 2129180.00684363
1983-11-13 11 15 13 1983 0 545696.355540487 0 0 0 0 0 0 53481.3233874347 0 4302465.56362955 NA NA 2619183.56845951
1983-11-20 11 16 20 1983 0 387030.742713923 0 0 0 0 0 0 47206.6242648094 0 4223136.84635646 NA NA 2681485.64128608
1983-11-27 11 17 27 1983 0 370975.530100815 0 0 0 0 0 0 52156.9681594769 0 4101340.37418795 NA NA 2697540.85389919
1983-12-04 12 18 4 1983 0 451761.455465404 0 0 0 0 0 0 53334.4812907855 0 4300591.86932827 NA NA 2508743.0485346
1983-12-11 12 19 11 1983 0 323486.10088523 0 0 0 0 0 0 73464.3022542755 0 3935537.3118657 NA NA 2960543.41111477
1983-12-18 12 20 18 1983 0 318413.732483924 0 0 0 0 0 0 63374.3199040256 0 4423513.1540585 NA NA 2965615.77951608
1983-12-25 12 21 25 1983 0 568977.198028345 0 0 0 0 0 0 68190.7098773162 0 4852776.39681922 NA NA 2715052.31397165
1984-01-01 1 22 1 1984 0 609996.918808133 0 0 0 0 0 0 69515.9010594449 0 5170377.20676588 NA NA 2674032.59319187
1984-01-08 1 23 8 1984 0 356014.926550476 0 0 0 0 0 0 63070.0668109356 0 5767292.06313693 NA NA 2929738.84544952
1984-01-15 1 24 15 1984 0 524481.799032909 0 0 0 0 8.73982770002476 0 59553.0438127711 0 6469711.59242976 NA NA 2761271.97296709
1984-01-22 1 25 22 1984 0 788846.586550262 0 0 0 0 11.8393183221458 0 68346.9992493767 0 6951832.3078533 NA NA 2496907.18544974
1984-01-29 1 26 29 1984 0 701500.891647245 0 0 0 0 11.8393183221458 0 55677.0916624826 0 7340703.64570543 NA NA 2584252.88035276
1984-02-05 2 27 5 1984 0 532657.992292446 0 0 0 0 11.8393183221458 0 53268.0040643407 0 7696309.52577375 NA NA 2765803.05970755
1984-02-12 2 28 12 1984 0 577808.100635447 0 0 0 0 11.8393183221458 0 57380.9170989569 0 6939205.05846632 NA NA 2631757.71136455
1984-02-19 2 29 19 1984 0 586542.931806109 0 0 0 0 16.9818019471313 0 53313.8586719702 0 6267111.85943448 NA NA 2553132.84019389
1984-02-26 2 30 26 1984 0 135254.67340991 0 0 0 0 22.1003196441279 0 49096.4287588295 0 5555835.80735217 NA NA 3004421.09859009
1984-03-04 3 31 4 1984 0 50978.2028330019 0 0 0 0 27.6131307362839 0 47550.6008234896 0 5430102.04729185 NA NA 3088697.569167
1984-03-11 3 32 11 1984 0 560083.607772128 0 0 0 0 33.3301546436078 0 58051.3663155821 0 5668341.10779164 NA NA 2393440.94022787
1984-03-18 3 33 18 1984 0 0 0 0 0 0 38.3000569160615 0 20244.8172614945 0 5177621.1114873 NA NA 3151526.12071537
1984-03-25 3 34 25 1984 0 0 0 0 0 0 43.5014824447335 0 0 0 4760453.2569019 NA NA 3177613.37861964
1984-04-01 4 35 1 1984 0 0 0 0 0 0 42.4705112951806 0 0 0 3803533.03794272 NA NA 3260380.68727367
1984-04-08 4 36 8 1984 0 447486.443580128 0 0 0 0 46.997079928333 0 1373.34043904429 0 16926772.7396943 NA NA 2458569.01641987
1984-04-15 4 37 15 1984 0 271134.37751784 0 0 34469.1873201003 0 52.8928846973292 0 0 0 16776561.9556249 NA NA 2634921.08248216
1984-04-22 4 38 22 1984 0 146427.542780347 0 0 24840.9396829707 42571.0139995367 58.7879998683552 0 0 0 18371096.7169224 NA NA 2940246.17321965
1984-04-29 4 39 29 1984 0 0 0 0 0 0 65.3401709292489 0 0 0 18222946.9651111 NA NA 3651215.9260867
1984-05-06 5 40 6 1984 0 193698.681972362 0 0 0 0 72 0 0 0 19014597.2516018 NA NA 3155785.84602764
1984-05-13 5 41 13 1984 0 1058916.10416638 0 2916.71215441798 45023.0458595333 67971.2732446381 72 0 10338.7108821092 0 19250820.7118412 NA NA 2290568.42383362
1984-05-20 5 42 20 1984 0 1113246.33692841 0 0 94574.5543965341 77498.0737940923 72 0 0 0 23839887.9457478 NA NA 2236238.19107159
1984-05-27 5 43 27 1984 0 696146.181901785 0 0 77316.9039443477 0 50.4314782532251 0 0 0 21889719.836938 NA NA 2653338.34609821
1984-06-03 6 44 3 1984 0 0 0 0 0 0 22.1913455759941 0 0 0 18698829.5699466 NA NA 3423394.92264294
1984-06-10 6 45 10 1984 0 0 0 0 0 0 20.717556571095 0 0 0 16762722.5431385 NA NA 3781949.35939963
1984-06-17 6 46 17 1984 0 0 0 0 0 0 13.2571051579596 0 0 0 14830424.5043804 NA NA 3676790.43038825
1984-06-24 6 47 24 1984 0 0 0 0 0 0 6.50854915313107 0 0 0 12277910.3778346 NA NA 3657711.61951912
1984-07-01 7 48 1 1984 0 0 0 0 0 0 0 0 0 0 9175421.30647683 NA NA 3633638.28439912
1984-07-08 7 49 8 1984 0 0 0 0 0 0 0 0 0 0 6066621.38685839 NA NA 4397741.02766361
1984-07-15 7 50 15 1984 0 0 0 0 0 0 0 0 0 0 3986293.72566896 NA NA 3905759.57796935
1984-07-22 7 51 22 1984 0 0 0 0 0 0 0 0 19206.0487057643 0 2895446.03645893 NA NA 3318358.43058152
1984-07-29 7 52 29 1984 0 0 0 0 0 0 0 0 33113.4273476943 0 2154918.44617975 NA NA 3217839.09113415
1984-08-05 8 1 5 1984 0 0 0 0 0 0 0 0 23875.4346787153 0 1945353.80017283 NA NA 3168851.03434207
1984-08-12 8 2 12 1984 0 0 0 0 0 0 0 0 30331.0725373024 0 1912487.29045434 NA NA 2844280.91591323
1984-08-19 8 3 19 1984 0 529139.403833293 0 10.4272527195935 0 49959.5254333504 0 0 45641.4473519222 0 1939686 NA NA 2297423.12016671
1984-08-26 8 4 26 1984 0 297849.654393065 0 3072.90398457929 0 33207.3967405013 0 0 49474.3785378895 0 1883803 NA NA 2487031.73360693
1984-09-02 9 5 2 1984 0 285828.134698102 118.229982795836 3290.42629527962 0 64352.6026479545 0 0 51438.6968205565 0 2241786 NA NA 2499053.2533019
1984-09-09 9 6 9 1984 0 227580.062993787 0 0 0 0 0 0 44343.6090082277 0 2599771 NA NA 2501094.58900621
1984-09-16 9 7 16 1984 0 344640.421240899 0 0 0 0 0 0 50810.538230373 0 2932459.12405963 NA NA 2384034.2307591
1984-09-23 9 8 23 1984 0 513819.301429463 0 0 0 0 0 0 58587.1395570984 0 3231785.24811926 NA NA 2214855.35057054
1984-09-30 9 9 30 1984 0 323221.040566423 0 0 0 0 0 0 40752.102982068 0 3595089.52465639 NA NA 2405453.61143358
1984-10-07 10 10 7 1984 0 908934.454587395 53.5049692939224 0 715.546891893799 0 0 0 57015.8653588823 0 3704542.51922338 NA NA 1843208.9454126
1984-10-14 10 11 14 1984 0 976692.527127946 1295.51674856389 0 2981.23921341845 0 0 0 63423.6733329085 0 3738241.83937511 NA NA 1775450.87287205
1984-10-21 10 12 21 1984 0 770315.802365303 1304.32787547157 0 0 0 0 0 48108.6963448731 0 3818174.45133929 NA NA 1981827.5976347
1984-10-28 10 13 28 1984 0 891080.536930322 1636.90349825171 0 0 0 0 0 59933.4970926073 0 3836793.96545903 NA NA 1861062.86306968
1984-11-04 11 14 4 1984 0 805842.300524615 1882.1518651508 0 0 0 0 0 37355.941611041 0 4010263.03365342 NA NA 2023603.71947538
1984-11-11 11 15 11 1984 0 844675.74222085 0 0 0 0 0 0 64524.2448376775 0 4179104.98384391 NA NA 2320204.18177915
1984-11-18 11 16 18 1984 0 808300.792912149 0 0 0 0 0 0 60562.5331098217 0 4766485.99628902 NA NA 2260215.59108785
1984-11-25 11 17 25 1984 0 862694.529186764 0 0 0 0 0 0 64670.0772226262 0 5041285.85875866 NA NA 2205821.85481324
1984-12-02 12 18 2 1984 0 763014.925444581 0 0 0 0 0 0 51294.7932397822 0 5457223.01666055 NA NA 2197489.57855542
1984-12-09 12 19 9 1984 0 661366.389283809 0 0 0 0 0 0 67685.2911984615 0 5285202.85650313 NA NA 2622663.12271619
1984-12-16 12 20 16 1984 0 509085.458576316 0 0 0 0 0 0 70573.0651843135 0 5723850.93198328 NA NA 2774944.05342368
1984-12-23 12 21 23 1984 0 711505.917840065 0 0 0 0 0 0 71085.3815171528 0 6410190.69410074 NA NA 2572523.59415994
1984-12-30 12 22 30 1984 0 754588.770937517 0 0 0 0 0 0 70512.6525866114 0 6903523.55859336 NA NA 2529440.74106248
1985-01-06 1 23 6 1985 0 645324.538574269 0 0 0 0 0 0 67962.7051601503 0 7456995.89587167 NA NA 2640429.23342573
1985-01-13 1 24 13 1985 0 0 0 0 0 0 6.9168462722173 0 59105.5666653801 0 8104543.6478467 NA NA 3318720.6929143
1985-01-20 1 25 20 1985 103786.073904352 1009169.82 0 0 0 0 11.8393183221458 0 68846.5824888617 0 9414187.07557757 NA NA 2170521.29414365
1985-01-27 1 26 27 1985 66430.8678422947 1009169.82 0 0 0 0 11.8393183221456 0 67568.9259996515 0 9785819.83832578 NA NA 2207876.50020571
1985-02-03 2 27 3 1985 73166.1982267541 1021877.1 0 0 0 0 11.8393183221458 0 68515.651820175 0 10184127.0173568 NA NA 2201141.16982125
1985-02-10 2 28 10 1985 0 116045.973532248 0 0 0 0 11.8393183221456 0 70899.4286652364 0 10418291.2753344 NA NA 3093519.83846775
1985-02-17 2 29 17 1985 0 896505.886770781 0 0 0 0 16.9818019471313 0 70768.0787272459 0 11796184.5255859 NA NA 2243169.88522922
1985-02-24 2 30 24 1985 0 932415.843054466 0 0 0 0 22.1003196441279 0 64233.0560654687 0 12079526.5526974 NA NA 2207259.92894553
1985-03-03 3 31 3 1985 33600.5294204019 1021877.1 0 0 0 0 27.6131307362839 0 55989.8095860492 0 12326598.3491872 NA NA 2082080.3439076
1985-03-10 3 32 10 1985 468739.763714325 1091767.14 1311.84298107595 0 13509.2416172926 0 28.0137359915068 0 71542.9211812774 0 11830509.743141 NA NA 1391155.88687767
1985-03-17 3 33 17 1985 445678.104365787 1091767.14 1495.52030948793 0 8321.15351197024 0 26.8249952765154 0 66494.097799958 0 10865982.5885838 NA NA 1414217.54622621
1985-03-24 3 34 24 1985 0 974676.981222596 0 0 0 0 26.3189330181328 0 38444.2601135171 0 9929671.49789795 NA NA 2001085.3067774
1985-03-31 3 35 31 1985 0 682270.806587047 175.951140318382 0 0 0 25.9083694545545 0 36688.8712608454 0 8861355.31354472 NA NA 2293491.48141295
1985-04-07 4 36 7 1985 0 1145635.37142502 0 0 5933.32944311766 0 25.3264876927042 0 44465.2618130099 0 17480207.3912786 NA NA 1760420.08857498
1985-04-14 4 37 14 1985 0 0 0 0 7587.40388286598 0 25.1604336621797 0 0 0 17091525.9949054 NA NA 2995306.75782317
1985-04-21 4 38 21 1985 0 0 0 0 0 0 32.8724833527363 0 0 0 18694135.8639405 NA NA 3507572.71579993
1985-04-28 4 39 28 1985 0 0 0 0 0 0 40.6171793625185 0 0 0 17394285.8775816 NA NA 3709858.7978357
1985-05-05 5 40 5 1985 0 15539.0258689069 0 0 0 0 34.2536237911215 0 0 0 17758303.8041464 NA NA 3333945.50213109
1985-05-12 5 41 12 1985 0 0 0 0 0 0 49.0510791007548 0 0 0 18179209.2535196 NA NA 3823757.95922814
1985-05-19 5 42 19 1985 0 0 0 0 0 0 48.967254545584 0 0 0 21145054.6345892 NA NA 3569959.74428453
1985-05-26 5 43 26 1985 0 348100.404170019 0 0 47355.807980762 11405.1679068223 45.3256991384123 0 0 0 20693067.0532324 NA NA 3001384.12382998
1985-06-02 6 44 2 1985 0 101892.435070629 0 0 2062.07640032683 0 38.5949732362549 0 0 0 18089957.5726751 NA NA 3247592.09292937
1985-06-09 6 45 9 1985 0 321519.191805926 0 0 40743.4317766437 20400.8442937555 12.711884966981 0 0 0 13230488.179294 NA NA 2827171.50019407
1985-06-16 6 46 16 1985 0 0 0 0 0 0 0 0 0 0 9159523.88807652 NA NA 4020411.97510878
1985-06-23 6 47 23 1985 0 0 0 29039.362118802 0 3283.95556290622 0 0 33279.0946470738 0 7072529.82461107 NA NA 3385608.67077256
1985-06-30 6 48 30 1985 0 98113.3129919071 0 3167.25812443373 0 28039.0201706432 0 0 51878.9119416952 0 5542882.92607217 NA NA 3050577.37900809
1985-07-07 7 49 7 1985 0 627080.375206886 0 0 0 47493.0849996143 0 0 39316.5516485755 0 4358292.73334467 NA NA 2325185.30479311
1985-07-14 7 50 14 1985 0 605155.786554276 0 1872.22256636318 0 43864.652109125 0 0 48457.6529640085 0 3023968.73050818 NA NA 2347109.89344572
1985-07-21 7 51 21 1985 0 499157.108094894 0 6049.64621010193 0 25130.1705521498 0 0 53200.9980905117 0 1840153.97431933 NA NA 2453108.57190511
1985-07-28 7 52 28 1985 0 732186.763735636 0 9696.23212094638 0 61976.0059251273 0 0 56810.0387610978 0 1575633.21048211 NA NA 2220078.91626436
1985-08-04 8 1 4 1985 0 277068.236907594 0 5184.49990440461 0 41475.4810803583 0 0 55839.6895446505 0 1685358.00324585 NA NA 2549494.28709241
1985-08-11 8 2 11 1985 0 788224.185233606 0 7975.2702663538 0 74752.8301802664 0 0 53189.710128681 0 2157812.28565092 NA NA 2038338.33876639
1985-08-18 8 3 18 1985 0 551595.868069377 0 15148.5171262969 0 59812.401564626 0 0 62092.1958949929 0 2104287.23523636 NA NA 2274966.65593062
1985-08-25 8 4 25 1985 0 533205.501964345 0 19231.425343441 0 64812.6362048707 0 0 67222.5389050156 0 2127179.04543202 NA NA 2251675.88603565
1985-09-01 9 5 1 1985 0 541457.548097609 0 23410.5587183352 0 57448.1211020148 0 0 69484.8075475108 0 2333329.96245078 NA NA 2243423.83990239
1985-09-08 9 6 8 1985 0 723194.256681084 0 0 0 0 0 0 69063.1652039116 0 2702757.47034411 NA NA 2005480.39531892
1985-09-15 9 7 15 1985 0 474084.865360532 0 0 0 0 0 0 40127.6325036588 0 3292989.06271289 NA NA 2254589.78663947
1985-09-22 9 8 22 1985 0 0 0 0 0 0 0 0 33121.1697958838 0 3405208.33395271 NA NA 3050417.16107104
1985-09-29 9 9 29 1985 0 433336.79675418 0 0 0 0 0 0 53204.9185929683 0 3708268.94367617 NA NA 2295337.85524582
1985-10-06 10 10 6 1985 0 998910.275267565 63.0152574921381 0 1334.73062341506 0 0 0 69366.794751399 0 3639525.80534934 NA NA 1753233.12473243
1985-10-13 10 11 13 1985 0 861647.425807296 0 0 0 0 0 0 63580.8521591247 0 3751297.6039201 NA NA 1890495.9741927
1985-10-20 10 12 20 1985 0 830608.949252478 0 0 0 0 0 0 58136.8116450346 0 3861695.29093232 NA NA 1921534.45074752
1985-10-27 10 13 27 1985 0 528351.111211826 0 0 0 0 0 0 55993.1198556633 0 3876136.63989367 NA NA 2223792.28878817
1985-11-03 11 14 3 1985 0 423983.34457919 0 0 0 0 0 0 22006.1041063032 0 3922015.94232078 NA NA 2405462.67542081
1985-11-10 11 15 10 1985 0 387334.590596947 0 0 0 0 0 0 62491.9209158773 0 3908868.86552586 NA NA 2777545.33340305
1985-11-17 11 16 17 1985 0 700845.185969093 0 0 0 0 0 0 72496.4680096688 0 4415325.33766975 NA NA 2367671.19803091
1985-11-24 11 17 24 1985 0 886749.029302846 0 0 0 0 0 0 80673.2297692534 0 4588209.51549122 NA NA 2181767.35469715
1985-12-01 12 18 1 1985 0 686331.441334339 0 0 0 0 0 0 67400.675566218 0 5107723.47029947 NA NA 2274173.06266566
1985-12-08 12 19 8 1985 0 235009.76416159 0 0 0 0 0 0 76189.5612255581 0 5141570.78441285 NA NA 3049019.74783841
1985-12-15 12 20 15 1985 0 486829.745982498 0 0 0 0 0 0 76789.08433163 0 6167566.69473118 NA NA 2797199.7660175
1985-12-22 12 21 22 1985 0 795538.088138363 0 0 0 0 0 0 77431.9566056215 0 6891775.83210547 NA NA 2488491.42386164
1985-12-29 12 22 29 1985 0 765160.885964457 0 0 0 0 0 0 72687.7124405035 0 7163673.92953049 NA NA 2518868.62603554
1986-01-05 1 23 5 1986 0 26137.2363425103 0 0 0 0 0 0 57431.215584496 0 7745515.13811915 NA NA 3259616.53565749
1986-01-12 1 24 12 1986 0 950227.267444181 0 0 0 0 10.179542180452 0 66770.3364705999 0 9037845.96175358 NA NA 2335526.50455582
1986-01-19 1 25 19 1986 70178.5912324069 1009169.82 0 0 0 0 11.8393183221456 0 64994.9241709849 0 9512652.03664589 NA NA 2204128.77681559
1986-01-26 1 26 26 1986 0 906811.769272593 0 0 0 0 11.8393183221458 0 53307.4962222116 0 9943336.64987945 NA NA 2378942.00272741
1986-02-02 2 27 2 1986 0 987712.310571811 0 0 0 0 11.8393183221456 0 62172.9079312917 0 10333274.5724103 NA NA 2310748.74142819
1986-02-09 2 28 9 1986 0 258808.021880394 0 0 0 0 11.8393183221458 0 46490.9581681728 0 10541276.7760666 NA NA 2950757.79011961
1986-02-16 2 29 16 1986 0 861351.832264127 0 0 0 0 16.9818019471313 0 59430.9010623433 0 11479244.9322897 NA NA 2278323.93973587
1986-02-23 2 30 23 1986 0 555151.572551305 0 0 0 0 22.1003196441279 0 20814.8440500816 0 11686094.9587269 NA NA 2584524.19944869
1986-03-02 3 31 2 1986 0 0 0 0 0 0 27.6131307362839 0 0 0 11818522.9675657 NA NA 3307574.05457101
1986-03-09 3 32 9 1986 0 0 0 0 0 0 33.3301546436078 0 0 0 11074650.5688781 NA NA 3339425.5481913
1986-03-16 3 33 16 1986 0 0 0 0 0 0 34.625134652586 0 0 0 9891803.78349773 NA NA 3328739.79967589
1986-03-23 3 34 23 1986 0 0 0 0 0 0 33.0244782822474 0 0 0 8498300.7681269 NA NA 3628094.21169375
1986-03-30 3 35 30 1986 0 163747.810541178 0 0 0 0 38.1976776448221 0 4802.67911035249 0 7998558.15155887 NA NA 2812014.47745882
1986-04-06 4 36 6 1986 0 0 0 0 0 0 37.5919029482684 0 0 0 16516564.7644295 NA NA 3571947.68996894
1986-04-13 4 37 13 1986 0 0 0 0 0 0 37.4047244524552 0 0 0 15838452.6077983 NA NA 3307221.69716255
1986-04-20 4 38 20 1986 0 0 0 0 0 0 42.615517582635 0 0 0 15965848.5628762 NA NA 3489989.50122346
1986-04-27 4 39 27 1986 0 0 0 0 10938.9193397435 0 48.1586515264953 0 0 0 15771932.7908429 NA NA 3236579.48517378
1986-05-04 5 40 4 1986 0 0 0 0 0 0 54.0568720379147 0 0 0 17291808.4680828 NA NA 3446271.41002494
1986-05-11 5 41 11 1986 0 495927.839283388 0 0 47996.5512781934 29608.84161661 54.0568720379147 0 0 0 17612851.8223724 NA NA 2853556.68871661
1986-05-18 5 42 18 1986 0 688364.536839735 0 0 44935.0259648045 3630.45420024244 54.0568720379147 0 0 0 21024145.0253063 NA NA 2661119.99116027
1986-05-25 5 43 25 1986 0 921576.659613728 0 0 62163.3427751411 77599.7715201985 30.5060150824538 0 0 0 19262140.8638852 NA NA 2427907.86838627
1986-06-01 6 44 1 1986 0 1111077.58924267 0 0 71243.7815252029 71585.2652033364 25.220487464029 0 0 0 17832083.1749848 NA NA 2238406.93875733
1986-06-08 6 45 8 1986 0 0 0 0 28185.8258166904 0 14.557638179924 0 0 0 14192443.0421421 NA NA 3188770.03996852
1986-06-15 6 46 15 1986 0 0 0 0 0 0 0 0 0 0 9828742.75102378 NA NA 3639433.66865464
1986-06-22 6 47 22 1986 0 0 0 0 0 0 0 0 0 0 6498078.48225142 NA NA 3970023.34694781
1986-06-29 6 48 29 1986 0 0 0 0 0 0 0 0 36250.2673196886 0 5261554.3521215 NA NA 3446008.90308306
1986-07-06 7 49 6 1986 0 0 0 0 0 0 0 0 39192.4483848932 0 4413137.8416962 NA NA 3160342.25687332
1986-07-13 7 50 13 1986 0 0 0 0 0 0 0 0 36228.1533348591 0 3094631.14387045 NA NA 3431949.18431856
1986-07-20 7 51 20 1986 0 167995.051699479 0 0 0 12625.6761728225 0 0 48674.9157473007 0 2549465.04237676 NA NA 2784270.62830052
1986-07-27 7 52 27 1986 0 564409.11520278 0 6352.54572272598 0 37098.5766262889 0 0 55250.4996599807 0 2242434.31605637 NA NA 2387856.56479722
1986-08-03 8 1 3 1986 0 0 0 2309.819160894 0 6709.41829106939 0 0 56180.6393988162 0 1996650.82886131 NA NA 3011116.52572394
1986-08-10 8 2 10 1986 0 660509.628746295 0 6818.64529580589 0 65665.9975975813 0 0 59258.3312015356 0 2515900.67478983 NA NA 2166052.8952537
1986-08-17 8 3 17 1986 0 744617.511079935 0 10603.9844093088 0 79430.061867186 0 0 63252.0724384237 0 2490629.31147575 NA NA 2081945.01292007
1986-08-24 8 4 24 1986 0 766192.373456708 0 12648.5620039916 0 80040.6695302389 0 0 65349.8972404499 0 2644890.98603543 NA NA 2018689.01454329
1986-08-31 8 5 31 1986 0 822391.133806422 0 11138.600070394 0 85359.7428883366 0 0 64165.6143204067 0 2967011.21556547 NA NA 1962490.25419358
1986-09-07 9 6 7 1986 0 731281.853611408 0 0 0 0 0 0 62930.6071730722 0 3384464.82248028 NA NA 1997392.79838859
1986-09-14 9 7 14 1986 0 678353.206181061 0 0 0 0 1.11435194820206 0 62061.6312667848 0 3718840.90448712 NA NA 2050321.44581894
1986-09-21 9 8 21 1986 0 677566.183713445 0 0 0 0 0 0 59690.5904288483 0 4073582.63281368 NA NA 2051108.46828655
1986-09-28 9 9 28 1986 0 772058.77163929 0 0 1946.77728971542 0 0 0 50306.2292523508 0 4410878.44600773 NA NA 1956615.88036071
1986-10-05 10 10 5 1986 0 754701.298634982 0 0 0 0 0 0 53429.8073095274 0 4300568.77056887 NA NA 1997442.10136502
1986-10-12 10 11 12 1986 0 913582.475951519 0 0 0 0 0 0 64062.0572676871 0 4110702.81606128 NA NA 1838560.92404848
1986-10-19 10 12 19 1986 0 1059692.68495959 1233.29731901231 0 2749.0764168785 0 0 0 71407.8551327838 0 4025560.71792773 NA NA 1692450.71504041
1986-10-26 10 13 26 1986 0 1093747.37311282 1855.96718868271 0 5239.55332129306 0 0 0 74173.2357580588 0 4096722.89094533 NA NA 1658396.02688718
1986-11-02 11 14 2 1986 0 1043833.30795263 349.739757045922 0 8082.29777026275 0 0 0 49594.5137945811 0 4297209.78504744 NA NA 1785612.71204737
1986-11-09 11 15 9 1986 0 1047090.01421691 92.0537138513209 0 0 0 0 0 75104.1277766464 0 4314555.78547336 NA NA 2117789.90978309
1986-11-16 11 16 16 1986 0 973407.499279831 0 0 0 0 0 0 79112.9422541012 0 4694418.23473509 NA NA 2095108.88472017
1986-11-23 11 17 23 1986 8576.10549402214 1105533.36 0 0 0 0 0 0 78713.3263324085 0 5168842.68875498 NA NA 1952443.93548198
1986-11-30 11 18 30 1986 0 670225.571926757 0 0 0 0 0 0 54910.9391263665 0 5680371.30086132 NA NA 2290278.93207324
1986-12-07 12 19 7 1986 0 646417.89357806 0 0 0 0 0 0 72039.8473652641 0 5541239.15669363 NA NA 2637611.61842194
1986-12-14 12 20 14 1986 0 593561.416398758 0 0 0 0 0 0 78820.4111885448 0 5779926.48045267 NA NA 2690468.09560124
1986-12-21 12 21 21 1986 0 692675.981476053 0 0 0 0 0 0 77173.4374581124 0 6433156.27403574 NA NA 2591353.53052395
1986-12-28 12 22 28 1986 0 762345.975409357 0 0 0 0 0 0 76912.7410155714 0 7121374.02227767 NA NA 2521683.53659064
1987-01-04 1 23 4 1987 0 799488.995228006 0 0 0 0 0 0 75069.4709328978 0 8005239.59993462 NA NA 2486264.77677199
1987-01-11 1 24 11 1987 0 186316.134311743 0 0 0 0 6.61481085983905 0 68727.0235969398 0 8756365.77677795 NA NA 3099437.63768826
1987-01-18 1 25 18 1987 0 580225.04623127 0 0 0 0 11.8393183221458 0 69833.9360521276 0 10004276.9860529 NA NA 2705528.72576873
1987-01-25 1 26 25 1987 386527.895958198 1009169.82 0 0 0 0 11.8393183221458 0 75532.2525921732 0 10941299.5801636 NA NA 1887779.4720898
1987-02-01 2 27 1 1987 306862.46428169 1021877.1 0 0 0 0 11.8393183221456 0 72518.9058208923 0 11373784.0977745 NA NA 1967444.90376631
1987-02-08 2 28 8 1987 0 331220.905107591 0 0 0 0 11.8393183221458 0 70518.3321023557 0 11649211.0761994 NA NA 2878344.90689241
1987-02-15 2 29 15 1987 0 856703.91498233 0 0 0 0 16.2044669086847 0 67588.89948349 0 12863370.3893139 NA NA 2282971.85701767
1987-02-22 2 30 22 1987 442379.194222362 1021877.1 0 0 14651.3082579663 0 10.3574809935085 0 57988.4878959944 0 13372748.5442802 NA NA 1673301.67910564
1987-03-01 3 31 1 1987 473795.95685249 1021877.1 0 0 13351.7144159472 0 3.8913674672383 0 65383.9662772606 0 12952779.7807317 NA NA 1641884.91647551
1987-03-08 3 32 8 1987 359550.965770683 1091767.14 0 0 11336.8458690362 0 0 0 71559.5720024329 0 12510302.8483955 NA NA 1500344.68482132
1987-03-15 3 33 15 1987 0 502820.536777064 0 0 0 0 0 0 38781.6139935199 0 11925591.478778 NA NA 2450704.01122294
1987-03-22 3 34 22 1987 0 375169.859681185 0 0 0 0 0 0 44348.1997191095 0 11163500.1669007 NA NA 2600592.42831881
1987-03-29 3 35 29 1987 0 711916.676302853 0 0 0 0 0 0 59042.2141271464 0 10475276.3905222 NA NA 2263845.61169715
1987-04-05 4 36 5 1987 0 1131678.75046425 0 0 0 0 0 0 74110.9137570702 0 18994779.4143295 NA NA 1774376.70953575
1987-04-12 4 37 12 1987 0 506957.064923858 0 19355.5813506777 29626.2318753526 0 0 0 38915.8973057196 0 19033003.9363983 NA NA 2399098.39507614
1987-04-19 4 38 19 1987 0 762773.002818416 0 23846.7592323615 14913.1847873815 40382.785263715 0 0 42238.345580703 0 18825391.448288 NA NA 2323900.71318158
1987-04-26 4 39 26 1987 0 499004.177778908 0 14590.3069466355 15394.4346136954 56549.882563494 0 0 36200.4021607052 0 18251139.6539927 NA NA 2587669.53822109
1987-05-03 5 40 3 1987 0 0 0 0 0 0 0 0 0 0 18796630.7541224 NA NA 3363207.070614
1987-05-10 5 41 10 1987 0 0 0 0 0 0 0 0 0 0 17653258.839064 NA NA 4130085.01217777
1987-05-17 5 42 17 1987 0 0 0 8882.44263470451 0 0 4.12562302174092 0 23673.3089993785 0 16483483.5316224 NA NA 4003336.40115033
1987-05-24 5 43 24 1987 0 15280.0492432166 0 37819.4260902633 0 0 5.69918540337744 0 57065.6051949441 0 14426543.8078016 NA NA 3334204.47875678
1987-05-31 5 44 31 1987 68938.3177266496 1249549.2 0 21471.8848871956 57077.9223827607 63157.8301649237 0 0 45573.0822909702 0 12779725.2072745 NA NA 2028897.07494535
1987-06-07 6 45 7 1987 0 732950.556355058 0 3073.97841951257 35528.630949266 51172.0630117032 0 0 21077.2054873693 0 11230843.7599324 NA NA 2415740.13564494
1987-06-14 6 46 14 1987 0 660211.053645239 0 29773.6813217466 25300.9887118246 40170.1115007851 0 0 48333.2326103234 0 9407395.82695124 NA NA 2488479.63835476
1987-06-21 6 47 21 1987 0 790138.044322387 0 33653.755794947 31658.0019443224 63187.1720979288 0 0 53725.5511867577 0 7733915.37133287 NA NA 2358552.64767761
1987-06-28 6 48 28 1987 0 265598.392174966 0 10920.9378057908 0 0 0 0 61987.649926873 0 5647660.30957821 NA NA 2883092.29982503
1987-07-05 7 49 5 1987 156004.942979664 897981.12 0 17464.8326035304 0 70143.816978257 0 0 69315.7376520748 0 4776425.21201038 NA NA 1896225.33246034
1987-07-12 7 50 12 1987 210467.135506302 897981.12 0 12095.377438274 1503.46045574611 109818.475316054 0 0 63214.7273826292 0 3779407.78886009 NA NA 1841763.1399337
1987-07-19 7 51 19 1987 0 605493.554379453 0 7484.48287752372 0 25513.271429936 0 0 59231.473594329 0 2405903.78262176 NA NA 2346772.12562055
1987-07-26 7 52 26 1987 0 612998.243223053 0 0 0 66887.5451656838 0 0 47974.2466896916 0 2168956.59258879 NA NA 2339267.43677695
1987-08-02 8 1 2 1987 0 0 0 532.250584842397 0 8977.50244962578 0 0 49429.5914874975 0 2182368.40691406 NA NA 3204241.94298062
1987-08-09 8 2 9 1987 0 694929.419384506 0 16507.5655221456 0 81721.9818327253 0 0 67156.281114709 0 2647426.87221418 NA NA 2131633.10461549
1987-08-16 8 3 16 1987 0 825032.249923099 0 19556.4311481637 0 75215.1821438935 0 0 70858.6311508178 0 2526190.94710954 NA NA 2001530.2740769
1987-08-23 8 4 23 1987 0 783751.035939364 0 16017.1527884128 0 89714.0166040119 0 0 67584.1517703664 0 2696348.00860183 NA NA 2001130.35206064
1987-08-30 8 5 30 1987 0 759052.325040193 0 18890.763640324 0 68337.3142384589 0 0 70009.353233234 0 2693418.78497767 NA NA 2025829.06295981
1987-09-06 9 6 6 1987 0 732976.699977346 0 0 0 0 0 0 70722.3925065085 0 2980206.38771947 NA NA 1995697.95202265
1987-09-13 9 7 13 1987 0 832630.278029357 0 0 0 0 1.11435194820206 0 71668.3249360854 0 3421789.37135627 NA NA 1896044.37397064
1987-09-20 9 8 20 1987 10953.2118934277 987991.02 0 0 5662.32831089057 0 0 0 72380.9114345777 0 3867518.279378 NA NA 1727989.73647457
1987-09-27 9 9 27 1987 0 917272.845704834 0 0 0 0 0 0 71920.5591405594 0 4235540.52774042 NA NA 1811401.80629517
1987-10-04 10 10 4 1987 36010.304501619 1124594.28 1386.91037357797 0 8444.31736829969 0 0 0 74908.7624459543 0 4375352.35131538 NA NA 1589911.26637838
1987-10-11 10 11 11 1987 67197.5357629086 1124594.28 2224.35419224201 0 7089.25996536159 0 0 0 75959.4297264094 0 4409803.07843117 NA NA 1558724.03511709
1987-10-18 10 12 18 1987 183832.872520107 1124594.28 1966.22212312424 0 15091.6928669878 0 0 0 76845.4268290424 0 4533967.00046609 NA NA 1442088.69835989
1987-10-25 10 13 25 1987 158466.876007255 1124594.28 2144.65976418248 0 11757.3782210445 0 0 0 76815.1399582579 0 4672119.52261143 NA NA 1467454.69487275
1987-11-01 11 14 1 1987 41570.3419459066 1201896.9 2267.31262058129 0 15936.7289957269 0 0 0 56262.2657602479 0 4830497.00122529 NA NA 1584351.22893409
1987-11-08 11 15 8 1987 184198.480959391 1201896.9 2022.06012865838 0 0 0 0 0 85903.7277158765 0 5000152.05852161 NA NA 1776821.56001661
1987-11-15 11 16 15 1987 70630.2297348543 1105533.36 2162.73669042692 0 0 0 0 0 79666.3634838912 0 5594694.49039253 NA NA 1890389.81124115
1987-11-22 11 17 22 1987 64397.2837468528 1105533.36 0 0 0 0 0 0 72335.7654439336 0 5998693.42879994 NA NA 1896622.75722915
1987-11-29 11 18 29 1987 181514.619840065 997521.48 0 0 3217.078947692 0 0 0 70812.2945902469 0 6472323.22194448 NA NA 1779505.42113594
1987-12-06 12 19 6 1987 0 954088.35879733 0 0 0 0 0 0 81965.9314540546 0 6368789.49969349 NA NA 2329941.15320267
1987-12-13 12 20 13 1987 0 583998.619644228 0 0 0 0 0 0 65297.7981275876 0 6946321.87594851 NA NA 2700030.89235577
1987-12-20 12 21 20 1987 0 882698.13505201 0 0 0 0 0 0 69569.9227822319 0 7304609.06854628 NA NA 2401331.37694799
1987-12-27 12 22 27 1987 0 831544.412779958 0 0 0 0 0 0 80674.8433567557 0 7472725.14442819 NA NA 2452485.09922004
1988-01-03 1 23 3 1988 0 472110.140996039 0 0 0 0 0 0 76129.6116245265 0 8514496.09245472 NA NA 2813643.63100396
1988-01-10 1 24 10 1988 456732.508980426 1009169.82 0 0 0 0 11.8393183221456 0 78155.1130282506 0 9964163.57054104 NA NA 1817574.85906757
1988-01-17 1 25 17 1988 400178.5139116 1009169.82 0 0 0 0 11.8393183221458 0 72813.0942693935 0 10365347.2112067 NA NA 1874128.8541364
1988-01-24 1 26 24 1988 265778.950756438 1009169.82 0 0 0 0 11.8393183221458 0 70342.495072304 0 10908790.9615533 NA NA 2008528.41729156
1988-01-31 1 27 31 1988 303314.608763537 1021877.1 0 0 0 0 11.8393183221458 0 75415.4283147717 0 11499497.238746 NA NA 1970992.75928446
1988-02-07 2 28 7 1988 0 319502.722553029 0 0 0 0 11.8393183221458 0 76439.3929947427 0 11964378.6797883 NA NA 2890063.08944697
1988-02-14 2 29 14 1988 307613.394160585 1021877.1 0 0 0 0 16.2044669086847 0 77996.186988753 0 13472939.5520146 NA NA 1808067.47916742
1988-02-21 2 30 21 1988 530645.166592102 1021877.1 0 0 14664.8770025252 0 10.3574809935085 0 68756.0616788291 0 13775234.6104904 NA NA 1585035.7067359
1988-02-28 2 31 28 1988 590859.938923758 1021877.1 0 0 15221.0928449765 0 3.8913674672383 0 70492.4321996344 0 13475756.2917276 NA NA 1524820.93440424
1988-03-06 3 32 6 1988 537760.565031221 1091767.14 573.39393963557 0 18694.4273587881 0 0 0 70585.4465202909 0 13041731.4787388 NA NA 1322135.08556078
1988-03-13 3 33 13 1988 396893.505204547 1091767.14 1423.21459848973 0 6662.715431449 0 0 0 69418.7157766733 0 12421757.265358 NA NA 1463002.14538745
1988-03-20 3 34 20 1988 494091.588017821 1114004.88 1194.75446990916 0 9905.85725709973 0 0 0 74876.5198878358 0 12037474.1237032 NA NA 1365804.06257418
1988-03-27 3 35 27 1988 202789.128683598 1114004.88 0 0 2331.1858544836 0 0 0 65851.3961582965 0 11702963.0781374 NA NA 1657106.5219084
1988-04-03 4 36 3 1988 0 1143394.75769914 0 0 0 0 0 0 62996.2686486515 0 19593660.3726331 NA NA 1762660.70230086
1988-04-10 4 37 10 1988 0 1171301.23576145 0 59544.0269884766 52681.6711487605 0 0 0 70927.7267802936 0 19794536.4243165 NA NA 1734754.22423855
1988-04-17 4 38 17 1988 0 1144357.85017979 0 52513.212422567 33969.9717792941 85924.0615588088 0 0 70830.5319661129 0 20374442.3862826 NA NA 1942315.86582021
1988-04-24 4 39 24 1988 0 893518.39028474 0 2647.91541675867 53400.3028599276 63612.986718584 4.40096924023464 0 11489.2430507357 0 20738582.8918248 NA NA 2193155.32571526
1988-05-01 5 40 1 1988 0 119082.984750939 0 9206.58664142749 0 0 0 0 10494.357631176 0 18999113.9471318 NA NA 3230401.54324906
1988-05-08 5 41 8 1988 0 0 0 19537.6292683213 0 0 0 0 24325.1559253554 0 18013961.8861123 NA NA 3519605.29281226
1988-05-15 5 42 15 1988 0 988529.730677739 0 8618.08457121225 30480.064867059 54391.0146567352 3.74909622130349 0 24180.7881199079 0 19106278.1335938 NA NA 2360954.79732226
1988-05-22 5 43 22 1988 0 966237.447022885 0 0 29680.8864326507 27977.0890829667 16.1014755792551 0 4326.84168578891 0 18185739.5425637 NA NA 2383247.08097711
1988-05-29 5 44 29 1988 0 746182.731467499 0 0 27499.5871319601 0 0 0 0 0 15078606.293738 NA NA 2603301.7965325
1988-06-05 6 45 5 1988 0 0 0 0 0 0 0 0 0 0 12811976.1312972 NA NA 3741245.12636546
1988-06-12 6 46 12 1988 0 242405.624333224 0 5263.808559157 10880.8746544578 0 0 0 6273.0697952098 0 11518812.3329522 NA NA 2906285.06766678
1988-06-19 6 47 19 1988 0 0 0 32663.5516599337 0 0 0 0 43669.1523091587 0 9466861.56810638 NA NA 3337278.16165599
1988-06-26 6 48 26 1988 0 965856.422418406 0 12451.8521132592 34678.1076320963 61980.1333871495 0 0 58384.1319203954 0 8292690.29300297 NA NA 2182834.26958159
1988-07-03 7 49 3 1988 0 572905.853477162 0 4244.06655190211 0 23628.5178091042 0 0 51676.1228336991 0 6394071.65238794 NA NA 2379359.82652284
1988-07-10 7 50 10 1988 0 891240.751192461 0 11523.957555632 0 61938.9851905135 0 0 57526.4451098345 0 4847462.82072316 NA NA 2061024.92880754
1988-07-17 7 51 17 1988 0 876747.331591351 0 17714.3620055249 0 60988.4575201871 0 0 64995.4486377798 0 3528721.45128651 NA NA 2075518.34840865
1988-07-24 7 52 24 1988 0 858852.048723706 0 20674.1196009172 0 58208.2573353956 0 0 67698.148062618 0 2836348.83044336 NA NA 2093413.63127629
1988-07-31 7 52 31 1988 0 867137.078461517 350.870313577088 31235.5361796934 0 80647.9919440989 0 0 79545.4096429906 0 2552340.88293857 NA NA 2085128.60153848
1988-08-07 8 1 7 1988 50650.0735742953 903275.82 581.110936062029 26423.198558309 0 81602.4547922499 0 0 69612.8305393187 0 2691866.8196058 NA NA 1870713.3437217
1988-08-14 8 2 14 1988 53257.7362071373 903275.82 1338.98483045312 28311.2267956477 0 84658.2605706163 0 0 71514.2726236726 0 2668738.92595602 NA NA 1868105.68108886
1988-08-21 8 3 21 1988 0 857706.173032859 1476.78332198492 29020.5833148004 0 78086.8243055969 0 0 72417.4612695779 0 2590070.70666549 NA NA 1968856.35096714
1988-08-28 8 4 28 1988 0 894607.20904496 361.604466645033 31467.9799032913 0 83742.2943637523 0 0 74740.3077982935 0 2834607.83494037 NA NA 1890274.17895504
1988-09-04 9 5 4 1988 0 885147.939974787 552.40993043836 30218.7227300184 0 86758.8136468448 0 0 73623.5941534677 0 3120840.07994723 NA NA 1899733.44802521
1988-09-11 9 6 11 1988 84143.0466615483 987991.02 854.615594485858 0 8166.19176381912 0 0 0 73307.7652186479 0 3667613.16232522 NA NA 1654799.90170645
1988-09-18 9 7 18 1988 13445.4098395552 987991.02 209.88366600226 0 174.090370830658 0 0 0 71591.0349335752 0 4082537.46099326 NA NA 1725497.53852844
1988-09-25 9 8 25 1988 0 858180.567263017 0 0 0 0 0 0 70328.3492848802 0 4516243.32840114 NA NA 1870494.08473698
1988-10-02 10 9 2 1988 0 843835.409915342 0 0 0 0 0 0 64903.9735569126 0 4851839.48014154 NA NA 1884839.24208466
1988-10-09 10 10 9 1988 0 1034790.29748587 2130.014298575 0 0 0 0 0 73310.6076703868 0 4737215.19990938 NA NA 1717353.10251413
1988-10-16 10 11 16 1988 138921.222297918 1124594.28 1673.56398842929 0 10743.9220617708 0 0 0 78309.9641308366 0 4763717.42255011 NA NA 1487000.34858208
1988-10-23 10 12 23 1988 0 958422.174378577 0 0 0 0 0 0 71788.2445634233 0 4898429.32265787 NA NA 1793721.22562142
1988-10-30 10 13 30 1988 0 915352.22919124 1319.62514962355 0 0 0 0 0 75536.2827108684 0 4811194.28188065 NA NA 1836791.17080876
1988-11-06 11 14 6 1988 0 1164918.54241109 16.1565243509558 0 9683.02126065641 0 0 0 60433.5737780393 0 4933438.59281687 NA NA 1664527.47758891
1988-11-13 11 15 13 1988 0 858341.392240288 0 0 0 0 0 0 73479.2209954148 0 5064496.32708718 NA NA 2306538.53175971
1988-11-20 11 16 20 1988 0 993746.648272481 0 0 0 0 0 0 78311.3123734229 0 5528364.20994554 NA NA 2074769.73572752
1988-11-27 11 17 27 1988 0 1068537.2554434 0 0 0 0 0 0 80572.6036071315 0 5847220.47247815 NA NA 1999979.1285566
1988-12-04 12 18 4 1988 0 932036.998624617 0 0 0 0 0 0 64513.3991881733 0 6369130.29003631 NA NA 2028467.50537538
1988-12-11 12 19 11 1988 0 457663.561517068 0 0 0 0 0 0 81314.5234521158 0 6263390.09365559 NA NA 2826365.95048293
1988-12-18 12 20 18 1988 0 737806.562740548 0 0 0 0 0 0 83221.6875695219 0 7294143.23669209 NA NA 2546222.94925945
1988-12-25 12 21 25 1988 0 983174.194347505 0 0 0 0 0 0 82825.1186553215 0 7974895.28050942 NA NA 2300855.31765249
1989-01-01 1 22 1 1989 0 997521.48 0 0 0 0 0 0 79775.4855507292 0 8248564.59639099 NA NA 2285201.14882694
1989-01-08 1 23 8 1989 0 421184.574940833 0 0 0 0 0 0 74357.9254755373 0 8725000.38062026 NA NA 2864569.19705917
1989-01-15 1 24 15 1989 214777.430596837 1009169.82 0 0 0 0 9.6162348062328 0 74850.200891328 0 9671475.12536055 NA NA 2059529.93745116
1989-01-22 1 25 22 1989 352937.211153894 1009169.82 0 0 0 0 11.8393183221458 0 70918.1718497456 0 9996400.24354355 NA NA 1921370.15689411
1989-01-29 1 26 29 1989 225996.354571705 1009169.82 0 0 0 0 11.8393183221458 0 70842.5048757668 0 10222652.7208649 NA NA 2048311.0134763
1989-02-05 2 27 5 1989 307173.231793218 1021877.1 0 0 0 0 11.8393183221458 0 73119.8147036344 0 10488131.8826682 NA NA 1967134.13625478
1989-02-12 2 28 12 1989 0 571976.970435626 334.140266927353 0 0 0 11.8393183221456 0 75018.0966302454 0 10490089.0499829 NA NA 2637588.84156437
1989-02-19 2 29 19 1989 44269.9471640331 1021877.1 996.969610895542 0 0 0 16.9818019471313 0 78593.7295213269 0 11391691.7168968 NA NA 2071410.92616397
1989-02-26 2 30 26 1989 117971.356720072 1021877.1 609.487737747591 0 0 0 22.1003196441279 0 71988.9386872801 0 11565856.341572 NA NA 1997709.51660793
1989-03-05 3 31 5 1989 60584.9472371186 1021877.1 370.440247349144 0 0 0 27.6131307362839 0 68552.8748869642 0 11694807.1800518 NA NA 2055095.92609088
1989-03-12 3 32 12 1989 310969.70988881 1091767.14 1362.44124907599 0 0 0 33.3301546436078 0 79141.3065912308 0 11272281.126511 NA NA 1548925.94070319
1989-03-19 3 33 19 1989 0 706315.947217949 1028.50837130886 0 2977.26746204843 0 38.3000569160615 0 969.622815839597 0 10443722.9322224 NA NA 2247208.60078205
1989-03-26 3 34 26 1989 0 936280.721066948 1402.63310732453 0 1344.66476751637 0 38.6121205847221 0 32056.2372306962 0 9173442.64770833 NA NA 2039481.56693305
1989-04-02 4 35 2 1989 0 906638.097767768 1153.66165560169 0 0 0 38.1976776448221 0 32470.5909194241 0 7921295.13843918 NA NA 2069124.19023223
1989-04-09 4 36 9 1989 0 730991.646716671 1057.29198715651 0 0 0 37.5919029482684 0 8240.65148523283 0 16525022.6699146 NA NA 2175063.81328333
1989-04-16 4 37 16 1989 0 0 0 0 13397.2846439187 0 37.4047244524552 0 0 0 16110383.5048417 NA NA 3016932.12384986
1989-04-23 4 38 23 1989 0 0 0 0 0 0 42.615517582635 0 0 0 17693767.6947144 NA NA 3250372.15909205
1989-04-30 4 39 30 1989 0 0 0 0 0 0 48.1586515264953 0 0 0 16375999.1491486 NA NA 4158413.26273961
1989-05-07 5 40 7 1989 0 0 0 0 0 0 54.0568720379147 0 0 0 17473043.7292356 NA NA 3684690.81457189
1989-05-14 5 41 14 1989 0 0 0 0 0 0 53.9039682583791 0 0 0 16028229.0404243 NA NA 3934732.51014798
1989-05-21 5 42 21 1989 0 0 0 0 0 0 54.0568720379147 0 0 0 18084216.321657 NA NA 4178374.03106478
1989-05-28 5 43 28 1989 0 0 0 0 0 0 45.5995157682844 0 0 0 16448158.491531 NA NA 3705220.36232219
1989-06-04 6 44 4 1989 0 593779.420675612 0 0 51303.9332305454 40151.4633668337 34.9477245548389 0 0 0 15309829.3263566 NA NA 2755705.10732439
1989-06-11 6 45 11 1989 0 0 0 0 19079.2643593474 50608.2469342271 18.0501332753645 0 0 0 13070349.4117621 NA NA 3253798.89366806
1989-06-18 6 46 18 1989 0 0 0 0 0 0 10.7006252419376 0 0 0 10203843.2300319 NA NA 3597549.35557636
1989-06-25 6 47 25 1989 0 0 0 2901.6846374763 0 0 1.11241161691055 0 1269.44353914082 0 6986814.50341517 NA NA 3904946.26523708
1989-07-02 7 48 2 1989 0 209427.404487128 0 0 0 37968.6594669637 0 0 37487.1605486543 0 4602475.41011973 NA NA 2939263.28751287
1989-07-09 7 49 9 1989 0 0 0 0 0 0 0 0 40157.794316276 0 3110166.22739829 NA NA 3383311.76246486
1989-07-16 7 50 16 1989 0 186710.633450203 0 478.067623467701 0 10152.7073417767 0 0 47995.6835197969 0 2468184.02142614 NA NA 2765555.0465498
1989-07-23 7 51 23 1989 0 167117.640400229 0 5109.60772407088 0 18357.4588562753 0 0 52269.239232644 0 1965226.75349448 NA NA 2785148.03959977
1989-07-30 7 52 30 1989 0 557337.409905337 0 11948.8647546229 0 26445.976869277 0 0 58755.4169477716 0 1559321.18582353 NA NA 2394928.27009466
1989-08-06 8 1 6 1989 0 0 0 13370.1825635317 0 18208.7142778322 0 0 62792.033558685 0 1384334.07045023 NA NA 2983179.87786062
1989-08-13 8 2 13 1989 0 739177.506549635 0 17586.3328610361 0 75248.0760264195 0 0 67228.370765282 0 1995571 NA NA 2087385.01745037
1989-08-20 8 3 20 1989 0 755716.994790658 0 18013.9847947985 0 77682.6030139822 0 0 67058.5770162577 0 1981834.38372168 NA NA 2070845.52920934
1989-08-27 8 4 27 1989 0 0 0 7369.25212110954 0 20114.5067318969 0 0 60050.8717942571 0 1883803 NA NA 3120000.94807971
1989-09-03 9 5 3 1989 0 0 0 9076.56361076071 0 5539.84176890331 0 0 54717.6245342359 0 2241786 NA NA 3169569.27717688
1989-09-10 9 6 10 1989 0 153303.603314113 0 0 0 0 0 0 67862.8840029648 0 2599771 NA NA 2575371.04868589
1989-09-17 9 7 17 1989 0 647207.542941338 0 0 0 0 0 0 69270.0577288947 0 2920273.44984795 NA NA 2081467.10905866
1989-09-24 9 8 24 1989 0 768160.804953513 0 0 2185.86918784225 0 0 0 57508.95997485 0 3355236.83701321 NA NA 1960513.84704649
1989-10-01 10 9 1 1989 0 888071.733276809 0 0 2563.33398784557 0 0 0 61345.1055028425 0 3790351.5395249 NA NA 1840602.91872319
1989-10-08 10 10 8 1989 0 1092826.98145994 1090.20283518965 0 9350.89386251883 0 0 0 69061.1729742556 0 3896239.38199686 NA NA 1659316.41854006
1989-10-15 10 11 15 1989 79171.2940158953 1124594.28 0 0 16998.7505081628 0 0 0 68086.9145319037 0 4017604.57100994 NA NA 1546750.2768641
1989-10-22 10 12 22 1989 0 997857.015323854 29.1869090665346 0 0 0 0 0 76323.627779914 0 4023843.23981445 NA NA 1754286.38467615
1989-10-29 10 13 29 1989 0 826045.509804527 0 0 0 0 0 0 65904.779528368 0 4066002.52366467 NA NA 1926097.89019547
1989-11-05 11 14 5 1989 0 791444.246948137 0 0 0 0 0 0 45207.0373742017 0 4066095.84043299 NA NA 2038001.77305186
1989-11-12 11 15 12 1989 0 801515.743767432 0 0 0 0 0 0 73748.014159562 0 4101519.83057092 NA NA 2363364.18023257
1989-11-19 11 16 19 1989 0 390372.79009915 0 0 0 0 0 0 72595.2197027475 0 4625114.36694171 NA NA 2678143.59390085
1989-11-26 11 17 26 1989 0 309415.480373484 0 0 0 0 0 0 76977.5297963124 0 4484807.59308048 NA NA 2759100.90362652
1989-12-03 12 18 3 1989 0 443251.828438147 0 0 0 0 0 0 62598.9764236133 0 4874707.380392 NA NA 2517252.67556185
1989-12-10 12 19 10 1989 0 0 0 0 0 0 0 0 67563.8411456461 0 4815111.33697596 NA NA 3474415.88184919
1989-12-17 12 20 17 1989 0 0 0 0 0 0 0 0 72336.6232330714 0 5742450.8527777 NA NA 3298557.49952571
1989-12-24 12 21 24 1989 0 537187.082916602 0 0 0 0 0 0 78066.8141267461 0 6318288.13699343 NA NA 2746842.4290834
1989-12-31 12 22 31 1989 0 606287.934938733 0 0 0 0 0 0 78581.1237495489 0 6606481.77533419 NA NA 2677741.57706127
1990-01-07 1 23 7 1990 0 643602.100995849 0 0 0 0 0 0 79253.8878609841 0 6816513.42423867 NA NA 2642151.67100415
1990-01-14 1 24 14 1990 0 0 0 0 0 0 3.39138774747812 0 67684.5160702633 0 7065267.87473924 NA NA 3442384.89745596
1990-01-21 1 25 21 1990 0 0 0 0 0 0 7.77568961089764 0 60315.7503009225 0 7571819.07254337 NA NA 3607603.58170697
1990-01-28 1 26 28 1990 0 0 0 0 0 0 8.69450813200797 0 52436.4445324971 0 8078027.53090868 NA NA 3917340.044302
1990-02-04 2 27 4 1990 0 913642.047121876 0 0 0 0 11.8075273626243 0 70597.1191595534 0 9374467.55946673 NA NA 2384819.00487812
1990-02-11 2 28 11 1990 0 0 0 0 0 0 11.8393183221458 0 73761.7905813886 0 9265545.4396417 NA NA 3256608.64552996
1990-02-18 2 29 18 1990 0 659645.699093613 0 0 0 0 16.9818019471313 0 65142.9341258489 0 10295112.0169861 NA NA 2480030.07290639
1990-02-25 2 30 25 1990 0 953534.773214271 0 0 0 0 22.1003196441279 0 70328.3584515055 0 10164955.5155823 NA NA 2186140.99878573
1990-03-04 3 31 4 1990 0 950953.998491033 0 0 0 0 27.6131307362839 0 60549.8210708562 0 9895310.70612291 NA NA 2188721.77350897
1990-03-11 3 32 11 1990 0 1015908.46109004 0 0 0 0 33.3301546436078 0 71300.4104914262 0 9100341.06372919 NA NA 1937616.08690996
1990-03-18 3 33 18 1990 0 1017159.85812732 0 0 0 0 38.3000569160615 0 64434.96772989 0 8058910.24402299 NA NA 1936364.68987268
1990-03-25 3 34 25 1990 0 1004278.57160713 0 0 0 0 38.6121205847221 0 61746.8838936549 0 7007489.72925136 NA NA 1971483.71639287
1990-04-01 4 35 1 1990 0 996762.735961634 0 0 0 0 38.1976776448221 0 47855.3850111 0 5819307.82130133 NA NA 1978999.55203837
1990-04-08 4 36 8 1990 0 318321.5600242 0 0 0 0 37.5919029482684 0 33613.1377475435 0 14299427.130869 NA NA 2587733.8999758
1990-04-15 4 37 15 1990 0 0 0 0 0 0 37.4047244524552 0 0 0 13583166.9039677 NA NA 4118772.69852413
1990-04-22 4 38 22 1990 0 0 0 0 0 0 41.6662197625753 0 0 0 14963141.456438 NA NA 3473122.91973792
1990-04-29 4 39 29 1990 0 0 0 0 0 0 46.5155083087434 0 0 0 14688274.8203656 NA NA 4159694.31556188
1990-05-06 5 40 6 1990 0 0 0 19197.9701415807 0 0 52.4127695441919 0 14451.7779075136 0 18841527.007321 NA NA 3612735.82485937
1990-05-13 5 41 13 1990 0 765005.080261641 0 17500.5756756236 25548.0835252121 63886.5377041662 53.8111400947962 0 18555.7783201395 0 18458573.971558 NA NA 2584479.44773836
1990-05-20 5 42 20 1990 0 735503.501163397 0 24151.6776357371 11561.0992541517 42704.5229550856 54.0568720379147 0 28179.3360322712 0 21454607.5039917 NA NA 2613981.0268366
1990-05-27 5 43 27 1990 0 1081155.72109715 0 16118.8032700875 49113.185450345 97634.3016370318 45.5995157682844 0 28552.9541485941 0 20171337.6502549 NA NA 2268328.80690285
1990-06-03 6 44 3 1990 0 0 0 0 0 15352.8143087015 42.7920380233174 0 0 0 18580585.6761241 NA NA 3470763.13681176
1990-06-10 6 45 10 1990 0 0 0 0 0 0 40.0117660334663 0 0 0 15786204.2827401 NA NA 3523654.81828705
1990-06-17 6 46 17 1990 0 0 0 0 0 0 11.4305063387187 0 0 0 11597812.8368049 NA NA 3757953.16295542
1990-06-24 6 47 24 1990 0 0 0 18247.3871079212 0 0 0 0 23631.3911336325 0 9059010.83779258 NA NA 3667792.75848686
1990-07-01 7 48 1 1990 0 0 0 0 0 42810.9013582671 0 0 47060.0373594486 0 7041543.66322803 NA NA 3167041.12305038
1990-07-08 7 49 8 1990 0 0 0 0 0 0 0 0 41052.4079557223 0 4482614.17980247 NA NA 4099718.3095273
1990-07-15 7 50 15 1990 0 0 0 5742.25291460722 0 0 0 0 53385.0685970464 0 3106176.86529319 NA NA 3571452.5188953
1990-07-22 7 51 22 1990 0 0 0 12442.8643431216 0 0 0 0 60624.4647986883 0 1960929.67786464 NA NA 3254887.56285571
1990-07-29 7 52 29 1990 0 0 0 11339.5079401092 0 0 0 0 61414.9939605855 0 1116837.92759684 NA NA 3029700.466169
1990-08-05 8 1 5 1990 0 0 0 12693.7871525242 0 0 0 0 59545.939652248 0 871604.209916852 NA NA 3906413.50786891
1990-08-12 8 2 12 1990 0 0 0 21443.2015130009 0 0 0 0 69833.0358164416 0 1186223 NA NA 3472146.97028173
1990-08-19 8 3 19 1990 0 821679.232508683 0 22464.9214254775 0 87764.0938787341 0 0 71398.6611618849 0 1844224.12332889 NA NA 2004883.29149132
1990-08-26 8 4 26 1990 0 268348.597821268 0 12961.9224741458 0 64870.0602715029 0 0 63108.2664511996 0 1883803 NA NA 2516532.79017873
1990-09-02 9 5 2 1990 0 230373.961795269 0 15324.1332635932 0 57284.1590553875 0 0 62356.2331055642 0 2241786 NA NA 2554507.42620473
1990-09-09 9 6 9 1990 0 510164.761410309 0 0 0 0 0 0 71342.122747713 0 2599771 NA NA 2218509.89058969
1990-09-16 9 7 16 1990 0 789629.303104786 0 0 0 0 0 0 69253.1023667121 0 2920671.82962176 NA NA 1939045.34889521
1990-09-23 9 8 23 1990 0 869523.54656787 0 0 0 0 0 0 72951.6920709454 0 3383040.05514563 NA NA 1859151.10543213
1990-09-30 9 9 30 1990 0 960623.065501856 0 0 2363.60247343505 0 0 0 70638.467318648 0 3864525.32728532 NA NA 1768051.58649814
1990-10-07 10 10 7 1990 164438.659187257 1124594.28 0 0 15235.8632453032 0 0 0 76877.7020298836 0 3995430.61444433 NA NA 1461482.91169274
1990-10-14 10 11 14 1990 0 950398.626461233 0 0 0 0 0 0 76029.8519686747 0 4024622.44538862 NA NA 1801744.77353877
1990-10-21 10 12 21 1990 0 928751.304728971 940.17613466798 0 0 0 0 0 70876.4497661292 0 4008285.84681977 NA NA 1823392.09527103
1990-10-28 10 13 28 1990 0 911114.750587764 0 0 0 0 0 0 64474.6262966876 0 4039382.59316034 NA NA 1841028.64941224
1990-11-04 11 14 4 1990 0 812805.153515952 0 0 0 0 0 0 45490.1032033457 0 4124279.89885664 NA NA 2016640.86648405
1990-11-11 11 15 11 1990 0 768688.784988718 0 0 0 0 0 0 73114.0182795275 0 4147544.57889621 NA NA 2396191.13901128
1990-11-18 11 16 18 1990 0 800503.425029187 0 0 0 0 0 0 76245.5330929606 0 4697132.9147315 NA NA 2268012.95897081
1990-11-25 11 17 25 1990 0 518189.101033141 0 0 0 0 0 0 78837.8103991653 0 4646641.75311022 NA NA 2550327.28296686
1990-12-02 12 18 2 1990 0 0 0 0 0 0 0 0 55531.0208355141 0 5048647.87332343 NA NA 2965376.50764849
1990-12-09 12 19 9 1990 0 191928.2636391 0 0 0 0 0 0 77798.2015010839 0 4807558.74418867 NA NA 3092101.2483609
1990-12-16 12 20 16 1990 0 117122.555015767 0 0 0 0 0 0 75015.0578233862 0 5041091.69018779 NA NA 3166906.95698423
1990-12-23 12 21 23 1990 0 368847.415127595 0 0 0 0 0 0 76222.7720341832 0 5814069.74084944 NA NA 2915182.0968724
1990-12-30 12 22 30 1990 0 625109.994734237 0 0 0 0 0 0 79073.5424570202 0 6462643.79174128 NA NA 2658919.51726576
1991-01-06 1 23 6 1991 0 671995.301879509 0 0 0 0 0 0 81343.5587107837 0 6533046.61758747 NA NA 2613758.47012049
1991-01-13 1 24 13 1991 0 0 0 0 0 0 0.98570606074918 0 81117.4716997765 0 6504262.61696021 NA NA 3339510.30118763
1991-01-20 1 25 20 1991 0 0 0 0 0 0 5.91476854327448 0 71737.4237780863 0 7239023.12802143 NA NA 3466786.5065857
1991-01-27 1 26 27 1991 0 0 0 0 0 0 8.77829906743796 0 68681.3574570076 0 7813060.52093837 NA NA 3567996.64915783
1991-02-03 2 27 3 1991 0 0 0 0 0 0 10.0710767578132 0 67603.8310958997 0 8550721.37479456 NA NA 3696224.00810258
1991-02-10 2 28 10 1991 0 0 0 0 0 0 11.8393183221458 0 70515.08309853 0 9435299.30989269 NA NA 3476983.91118891
1991-02-17 2 29 17 1991 0 0 0 0 0 0 13.9108043440579 0 58094.3786465928 0 10376275.6273139 NA NA 3675367.90706192
1991-02-24 2 30 24 1991 0 0 0 0 0 0 20.7214254030891 0 56107.2783278212 0 11176370.5109276 NA NA 3210264.3169792
1991-03-03 3 31 3 1991 0 186112.465610819 0 0 0 0 27.6131307362839 0 58972.5487638237 0 11407694.1771043 NA NA 2953563.30638918
1991-03-10 3 32 10 1991 0 409143.999355359 607.263004819543 0 0 0 33.3301546436078 0 52758.0343410747 0 10778805.1301653 NA NA 2544380.54864464
1991-03-17 3 33 17 1991 0 827264.979792443 638.71390123473 0 0 0 38.3000569160615 0 55723.9284359907 0 9738881.65200156 NA NA 2126259.56820756
1991-03-24 3 34 24 1991 215710.393088699 1114004.88 0 0 0 0 38.6121205847221 0 65464.3747348763 0 8639960.42140959 NA NA 1644185.2575033
1991-03-31 3 35 31 1991 249737.602000735 1114004.88 286.978807312678 0 0 0 38.1976776448221 0 66668.1703141767 0 7322859.18602245 NA NA 1610158.04859126
1991-04-07 4 36 7 1991 32075.7413989927 1189189.62 0 0 0 0 37.5919029482684 0 67373.1434883989 0 15901122.4490173 NA NA 1683073.23276101
1991-04-14 4 37 14 1991 0 0 0 43754.9935266561 0 0 37.4047244524552 0 42605.9088293521 0 15485039.5308648 NA NA 3186229.43519632
1991-04-21 4 38 21 1991 0 511312.592432837 0 27762.4068689307 4555.95670156335 40870.1101833909 42.615517582635 0 27071.9040654014 0 16806557.0945271 NA NA 2575361.12356716
1991-04-28 4 39 28 1991 0 0 0 0 0 16653.7949372912 48.1586515264953 0 2943.00144500969 0 17058824.2502613 NA NA 3162906.40667696
1991-05-05 5 40 5 1991 0 0 0 65008.0838949544 0 0 54.0568720379147 0 61404.297892715 0 23018931.4211943 NA NA 3375726.31837208
1991-05-12 5 41 12 1991 0 1039389.44021886 0 36631.6968822587 15273.6704945125 73120.772618975 54.0568720379147 0 46165.5124390799 0 22923103.0656935 NA NA 2310095.08778114
1991-05-19 5 42 19 1991 219397.634469667 1249549.2 0 15447.6287569928 88058.9693107362 153403.921812478 54.0568720379147 0 22221.5142837506 0 26330774.2562474 NA NA 1878437.75820233
1991-05-26 5 43 26 1991 0 0 0 0 0 0 32.0896576434898 0 0 0 23271320.3255106 NA NA 4386564.72905197
1991-06-02 6 44 2 1991 0 0 0 0 0 0 43.0888925744912 0 0 0 20277247.5327182 NA NA 4229073.34698186
1991-06-09 6 45 9 1991 0 0 0 0 0 0 32.6027411861619 0 0 0 17215961.6010389 NA NA 4060536.64797592
1991-06-16 6 46 16 1991 0 0 0 0 0 0 25.1853823246693 0 0 0 14601132.6533477 NA NA 4014488.25696884
1991-06-23 6 47 23 1991 0 0 0 0 0 0 14.2760623947181 0 0 0 11175902.2024679 NA NA 3575498.65529055
1991-06-30 6 48 30 1991 0 0 0 0 0 15432.048239865 0 0 19861.1139015658 0 8013017.13731696 NA NA 3547915.93517643
1991-07-07 7 49 7 1991 0 0 0 0 0 0 0 0 5261.04470893368 0 4891913.67734437 NA NA 4293866.92572779
1991-07-14 7 50 14 1991 0 0 0 0 0 0 0 0 33372.2055382687 0 2910824.1356328 NA NA 4278627.02121098
1991-07-21 7 51 21 1991 0 0 0 0 0 0 0 0 48061.9180409636 0 1656183.59122509 NA NA 3643724.37063586
1991-07-28 7 52 28 1991 0 0 0 7190.92562729735 0 0 0 0 58379.335656146 0 657371.121109642 NA NA 4168761.78027835
1991-08-04 8 1 4 1991 0 0 0 7331.21990372267 0 0 0 0 58599.4157193543 0 790295 NA NA 4455602.09758062
1991-08-11 8 2 11 1991 0 0 0 14176.2561749807 0 0 0 0 63893.1350085556 0 1341526 NA NA 3821240.03552046
1991-08-18 8 3 18 1991 0 0 0 17770.9176682231 0 0 0 0 67391.4996380616 0 1730345 NA NA 3536218.27799687
1991-08-25 8 4 25 1991 0 0 0 19095.1411976975 0 17496.3448592583 0 0 69570.2458855415 0 2119166 NA NA 2917521.05540801
1991-09-01 9 5 1 1991 0 307194.598893797 0 20261.2903943023 0 56444.5280070953 0 0 70480.7482152199 0 2517178 NA NA 2477686.7891062
1991-09-08 9 6 8 1991 0 206664.345273829 0 0 0 0 0 0 72650.4918306426 0 2915192 NA NA 2522010.30672617
1991-09-15 9 7 15 1991 0 565237.594422581 0 0 0 0 1.11435194820206 0 72428.6656163357 0 3215809.33938591 NA NA 2163437.05757742
1991-09-22 9 8 22 1991 0 630363.780148568 0 0 0 0 0 0 63640.9991932567 0 3537639.35205659 NA NA 2098310.87185143
1991-09-29 9 9 29 1991 0 947754.368261925 0 0 706.54161211809 0 0 0 70014.5822755167 0 3889275.31354453 NA NA 1780920.28373807
1991-10-06 10 10 6 1991 0 1112093.06167702 1947.71435236391 0 4825.84370833808 0 0 0 76190.4867922041 0 3916939.21787784 NA NA 1640050.33832298
1991-10-13 10 11 13 1991 34828.0780249711 1124594.28 2098.90525673955 0 6965.23819881074 0 0 0 76912.4945045321 0 4018235.83497563 NA NA 1591093.49285503
1991-10-20 10 12 20 1991 106960.737091732 1124594.28 1905.63907775807 0 10759.2146251271 0 0 0 79629.8065318245 0 4149873.5920621 NA NA 1518960.83378827
1991-10-27 10 13 27 1991 49050.2570905366 1124594.28 1335.77912364714 0 7104.70154759999 0 0 0 79730.5579600614 0 4259586.12327696 NA NA 1576871.31378946
1991-11-03 11 14 3 1991 0 1001329.79811219 1776.58812689948 0 1248.91017154348 0 0 0 51001.1025125704 0 4355729.56074908 NA NA 1828116.22188781
1991-11-10 11 15 10 1991 52527.7485172316 1201896.9 1431.85827651253 0 0 0 0 0 79948.4322689218 0 4480653.17299089 NA NA 1908492.29245877
1991-11-17 11 16 17 1991 0 1096624.99087259 841.412122530104 0 0 0 0 0 77124.7669549207 0 5078330.4948158 NA NA 1971891.39312741
1991-11-24 11 17 24 1991 0 1075521.0088132 0 0 0 0 0 0 73737.8387507109 0 5411855.86526681 NA NA 1992995.3751868
1991-12-01 12 18 1 1991 0 902495.015343177 0 0 0 0 0 0 62748.5050800667 0 5825731.51088151 NA NA 2058009.48865682
1991-12-08 12 19 8 1991 0 800506.309590253 0 0 0 0 0 0 78263.1538979746 0 5719092.92518466 NA NA 2483523.20240975
1991-12-15 12 20 15 1991 0 701462.941587914 0 0 0 0 0 0 68123.5715567469 0 6176099.40958475 NA NA 2582566.57041209
1991-12-22 12 21 22 1991 0 815758.372499008 0 0 0 0 0 0 78716.936743261 0 6533979.96701785 NA NA 2468271.13950099
1991-12-29 12 22 29 1991 0 784860.559372531 0 0 0 0 0 0 80023.9980513531 0 7037157.86174195 NA NA 2499168.95262747
1992-01-05 1 23 5 1992 0 677904.622667407 0 0 0 0 0 0 74939.1577368283 0 8194184.23331547 NA NA 2607849.14933259
1992-01-12 1 24 12 1992 0 312219.471286703 0 0 0 0 7.939448267746 0 68420.8573633322 0 9309846.3580728 NA NA 2973534.3007133
1992-01-19 1 25 19 1992 313764.045597709 1009169.82 0 0 0 0 11.8393183221458 0 75476.8744945028 0 10738986.2681128 NA NA 1960543.32245029
1992-01-26 1 26 26 1992 230199.291951255 1009169.82 0 0 0 0 11.8393183221458 0 74725.5832963859 0 11399402.0236996 NA NA 2044108.07609675
1992-02-02 2 27 2 1992 30432.8993684468 1021877.1 0 0 0 0 11.8393183221458 0 66093.3983238436 0 12115399.6051718 NA NA 2243874.46867955
1992-02-09 2 28 9 1992 0 187174.330947741 0 0 0 0 11.8393183221458 0 67920.928196529 0 12622246.9314784 NA NA 3022391.48105226
1992-02-16 2 29 16 1992 0 536353.455575774 0 0 0 0 14.4602099480808 0 71377.1355157365 0 13768829.4106169 NA NA 2603322.31642423
1992-02-23 2 30 23 1992 183426.340619976 1021877.1 0 0 0 0 9.77855261583636 0 63586.0875725493 0 14688935.9687612 NA NA 1932254.53270802
1992-03-01 3 31 1 1992 123948.880111551 1021877.1 0 0 0 0 3.36381831342737 0 45652.0552167911 0 14813141.4727939 NA NA 1991731.99321645
1992-03-08 3 32 8 1992 4602.07447297475 1091767.14 0 0 0 0 0 0 61252.0473092386 0 14499201.6491226 NA NA 1855293.57611903
1992-03-15 3 33 15 1992 0 1048739.52377382 0 0 0 0 0 0 62983.8014456172 0 14284882.0975349 NA NA 1904785.02422618
1992-03-22 3 34 22 1992 0 657571.05848456 0 0 0 0 0 0 42734.1794489365 0 14020414.2976691 NA NA 2318191.22951544
1992-03-29 3 35 29 1992 0 613584.283923802 0 0 0 0 0 0 51394.6771645144 0 13604903.8410424 NA NA 2362178.0040762
1992-04-05 4 36 5 1992 0 855458.987633405 0 0 0 0 0 0 60461.9862101607 0 19771330.4209562 NA NA 2050596.4723666
1992-04-12 4 37 12 1992 0 362610.031281845 0 38155.2104888738 9138.97046201611 0 0 0 46426.1579240148 0 19780490.2495453 NA NA 2543445.42871815
1992-04-19 4 38 19 1992 0 970090.981160515 0 31080.9512452374 35129.0484343145 38085.0301771678 0 0 41548.3623778797 0 19834228.0010123 NA NA 2116582.73483948
1992-04-26 4 39 26 1992 0 1018514.68246725 0 19435.3269662391 54303.2984658182 63682.9571460706 0 0 25305.3347944619 0 19828542.9759032 NA NA 2068159.03353275
1992-05-03 5 40 3 1992 0 1035132.791265 0 2944.56907724276 38484.8094616993 26805.6291782065 0 0 19603.4077401347 0 19348252.0567141 NA NA 2314351.736735
1992-05-10 5 41 10 1992 0 0 0 0 0 0 0 0 0 0 18242205.9219937 NA NA 4129291.57056172
1992-05-17 5 42 17 1992 0 0 0 0 0 0 14.5605995037656 0 0 0 18129330.6212454 NA NA 3358254.75294408
1992-05-24 5 43 24 1992 0 1090399.61088106 0 18103.0890306482 47273.6092910902 28343.6557174513 0 0 30914.3096497366 0 16174173.0655427 NA NA 2259084.91711894
1992-05-31 5 44 31 1992 0 1091299.07579004 0 28564.9894570882 40552.8865566609 52503.3735879786 0 0 40602.3856635409 0 14792786.5201934 NA NA 2258185.45220996
1992-06-07 6 45 7 1992 0 977367.399414994 0 52008.5028170995 24339.5357093226 74428.0213548177 0 0 59841.464862751 0 12641958.6622714 NA NA 2171323.29258501
1992-06-14 6 46 14 1992 0 777791.583345417 0 58173.0958274958 10672.7612602898 59649.3765399973 0 0 70713.1931909596 0 10583115.7584984 NA NA 2370899.10865458
1992-06-21 6 47 21 1992 0 973125.840237421 0 47654.6436968009 33977.4251815035 99738.1170186164 0 0 61454.1322238313 0 9215381.66433119 NA NA 2175564.85176258
1992-06-28 6 48 28 1992 0 570787.827534351 0 14728.1916740886 423.003461736633 39948.6773396393 0 0 61610.7943693939 0 6910382.71178376 NA NA 2577902.86446565
1992-07-05 7 49 5 1992 176828.585816683 897981.12 0 15490.221171687 0 86644.6063266177 0 0 65052.2861613298 0 5287141.61428627 NA NA 1875401.68962332
1992-07-12 7 50 12 1992 0 641629.875221085 0 15462.5852897232 0 29297.4153849634 0 0 60534.1435418681 0 3460744.3321393 NA NA 2310635.80477891
1992-07-19 7 51 19 1992 0 833595.444015443 0 19426.7359340451 0 66092.4155757197 0 0 65715.0365127814 0 2559220.12401675 NA NA 2118670.23598456
1992-07-26 7 52 26 1992 0 817076.51629989 0 16054.2600327855 0 70025.2514584642 0 0 64836.3897049654 0 2269170.78310043 NA NA 2135189.16370011
1992-08-02 8 1 2 1992 0 374659.758622586 0 22676.0963848317 0 41238.0173305048 0 0 63864.4501137189 0 2333740.75994152 NA NA 2451902.76537741
1992-08-09 8 2 9 1992 130334.186458748 903275.82 795.230939337364 26161.6477743717 0 80842.2422919366 0 0 69340.6786472852 0 2639897.30527215 NA NA 1791029.23083725
1992-08-16 8 3 16 1992 0 897242.108332899 0 27008.3130534318 0 84325.7337199783 0 0 70462.6064154862 0 2639956.42141639 NA NA 1929320.4156671
1992-08-23 8 4 23 1992 0 901457.187709109 0 27069.5132431078 0 74385.3582926452 0 0 71196.5940318471 0 2615927.12535316 NA NA 1883424.20029089
1992-08-30 8 5 30 1992 24386.574635129 903275.82 0 21866.6123729102 0 86756.2761843729 0 0 63292.3829241092 0 2907256.48368691 NA NA 1855337.38779687
1992-09-06 9 6 6 1992 0 775487.095976042 0 0 0 0 0 0 73735.5381600862 0 3138454.53111485 NA NA 1953187.55602396
1992-09-13 9 7 13 1992 0 787159.85724684 0 0 0 0 0 0 66702.5068302899 0 3620678.93024206 NA NA 1941514.79475316
1992-09-20 9 8 20 1992 0 707595.359003588 0 0 0 0 0 0 64322.4433432336 0 4026534.06658858 NA NA 2021079.29299641
1992-09-27 9 9 27 1992 45721.7406300306 987991.02 0 0 6558.28074939741 0 0 0 70681.7795186668 0 4409555.81766317 NA NA 1693221.20773797
1992-10-04 10 10 4 1992 0 722763.596781377 264.848969308039 0 0 0 0 0 55164.1966904261 0 4355777.42967648 NA NA 2029379.80321862
1992-10-11 10 11 11 1992 0 980799.352004925 678.895404364676 0 0 0 0 0 67505.188245909 0 4254546.12766276 NA NA 1771344.04799508
1992-10-18 10 12 18 1992 20080.0463054033 1124594.28 547.183556144802 0 8756.59413816578 0 0 0 71778.0326575951 0 4359074.872032 NA NA 1605841.5245746
1992-10-25 10 13 25 1992 0 1102122.61028262 0 0 682.453532914675 0 0 0 73571.5132264835 0 4503287.71688312 NA NA 1650020.78971738
1992-11-01 11 14 1 1992 0 855078.158205419 1302.59157383321 0 0 0 0 0 55321.8079570852 0 4629393.72872283 NA NA 1974367.86179458
1992-11-08 11 15 8 1992 0 873691.256285882 0 0 0 0 0 0 67020.492818645 0 4747654.51913885 NA NA 2291188.66771412
1992-11-15 11 16 15 1992 0 956225.087098584 0 0 0 0 0 0 72974.9851691035 0 5298767.37792822 NA NA 2112291.29690142
1992-11-22 11 17 22 1992 0 1049834.5179907 0 0 0 0 0 0 83273.800685684 0 5592656.95161878 NA NA 2018681.8660093
1992-11-29 11 18 29 1992 0 900900.132042891 0 0 0 0 0 0 74460.3999609682 0 6122338.68643376 NA NA 2059604.37195711
1992-12-06 12 19 6 1992 0 502497.900257042 0 0 0 0 0 0 83197.2933636532 0 6082930.4297526 NA NA 2781531.61174296
1992-12-13 12 20 13 1992 0 717280.76932707 0 0 0 0 0 0 82759.7706037148 0 7058244.66838743 NA NA 2566748.74267293
1992-12-20 12 21 20 1992 0 964613.816851779 0 0 0 0 0 0 79467.6891966907 0 7767735.78303006 NA NA 2319415.69514822
1992-12-27 12 22 27 1992 0 966603.991293887 0 0 0 0 0 0 76744.7266169356 0 8018452.54850161 NA NA 2317425.52070611
1993-01-03 1 23 3 1993 0 821540.858454415 0 0 0 0 0 0 67945.5207666569 0 8533561.67445816 NA NA 2464212.91354559
1993-01-10 1 24 10 1993 230051.204864225 1009169.82 0 0 0 0 11.8393183221458 0 75673.4597954128 0 9479938.71450613 NA NA 2044256.16318377
1993-01-17 1 25 17 1993 406769.110112902 1009169.82 0 0 0 0 11.8393183221458 0 77134.9812527368 0 9675379.61121465 NA NA 1867538.2579351
1993-01-24 1 26 24 1993 313175.005268082 1009169.82 0 0 0 0 11.8393183221458 0 74036.3644817115 0 9989551.62943136 NA NA 1961132.36277992
1993-01-31 1 27 31 1993 195644.648224864 1021877.1 0 0 0 0 11.8393183221456 0 68470.5958804672 0 10353652.0204551 NA NA 2078662.71982314
1993-02-07 2 28 7 1993 0 0 0 0 0 0 11.8393183221458 0 73396.2125021575 0 10492023.1375456 NA NA 3218964.61102473
1993-02-14 2 29 14 1993 0 1001016.1556036 0 0 0 0 16.9818019471313 0 67137.4461625496 0 12041952.8943575 NA NA 2138659.6163964
1993-02-21 2 30 21 1993 30948.4105373803 1021877.1 0 0 0 0 22.1003196441279 0 70823.2161472943 0 12214531.0006206 NA NA 2084732.46279062
1993-02-28 2 31 28 1993 61407.3710377528 1021877.1 634.785626552075 0 0 0 27.6131307362839 0 62687.0480858561 0 12398426.1709007 NA NA 2054273.50229025
1993-03-07 3 32 7 1993 371580.750101363 1091767.14 1820.57941838584 0 0 0 33.3301546436078 0 82954.3505337305 0 11924269.8986541 NA NA 1488314.90049064
1993-03-14 3 33 14 1993 332049.849738653 1091767.14 1547.06318098124 0 2708.58950355019 0 38.3000569160615 0 66501.5384921315 0 11158820.95733 NA NA 1527845.80085335
1993-03-21 3 34 21 1993 0 1031677.1023044 1850.79745767414 0 0 0 38.6121205847221 0 39371.3773856434 0 9964318.73793711 NA NA 1944085.1856956
1993-03-28 3 35 28 1993 0 261135.679015213 0 0 0 0 38.1976776448221 0 0 0 8726166.99433725 NA NA 2714626.60898479
1993-04-04 4 36 4 1993 0 0 0 0 0 0 37.5919029482684 0 0 0 16947118.578741 NA NA 3078331.9875389
1993-04-11 4 37 11 1993 0 0 0 0 27617.7582903819 0 37.4047244524552 0 0 0 16461676.783375 NA NA 2938334.18318212
1993-04-18 4 38 18 1993 0 70597.0945523735 0 0 11492.2709774742 0 42.615517582635 0 0 0 17411983.2621263 NA NA 3016076.62144763
1993-04-25 4 39 25 1993 0 37938.4134802516 0 0 22655.2378520156 5611.09997732597 48.1586515264953 0 0 0 17431208.0564262 NA NA 3048735.30251975
1993-05-02 5 40 2 1993 0 1066831.05926139 0 35956.0913766577 31851.887221825 69855.9534216738 54.0568720379147 0 38841.4411120205 0 20009830.6565551 NA NA 2282653.46873862
1993-05-09 5 41 9 1993 0 568326.799326743 0 0 18631.2204199467 18620.8245723823 54.0568720379147 0 682.825679560017 0 19314479.5410292 NA NA 2781157.72867326
1993-05-16 5 42 16 1993 79025.5711018154 1249549.2 0 0 84792.7408965089 113708.344106781 54.0568720379147 0 8347.34210728835 0 22842826.2009868 NA NA 2018809.82157018
1993-05-23 5 43 23 1993 0 0 0 0 0 0 33.5151606627701 0 0 0 19990898.3569108 NA NA 4466564.74728999
1993-05-30 5 44 30 1993 0 248395.670029316 0 0 11654.8673237636 0 42.7920380233174 0 0 0 17256649.2615628 NA NA 3101088.85797068
1993-06-06 6 45 6 1993 0 0 0 0 0 0 6.19246671860265 0 0 0 12070618.0058233 NA NA 3516367.50344152
