"date" "month" "week" "day" "year" "MICAA" "ARROW" "DUNCA" "CORRA" "LIBBY" "FLASF" "GCOUL" "DWORS" "BROWN" "FLAPO" "ALBEN" "CHELA" "JLAKE" "PALIS" "IPARK" "RIRDM" "AMERI" "MINAD" "BOISE" "PAYHS" "OWYHE" "PELTO"
1979-08-05 8 1 5 1979 20075000 7327300 1424900 817000 5869400 3071500 9107400 3468000 1420000 1792000 1540000 1676000 850000 1401000 135205 100500 1672590 95180 1011000 847192 1120000 558270
1979-08-12 8 2 12 1979 20075000 7327300 1424900 638280 5671467 2933124.90438303 8549430 2782067 1420000 1792000 1540000 1661833 847000 1401000 135205 100500 1672590 95180 1011000 800452 1120000 558270
1979-08-19 8 3 19 1979 20075000 7327300 1424900 682960 5572500 2910063.13409714 8409937 2667744 1420000 1792000 1540000 1654750 847000 1401000 135205 100500 1672590 95180 1011000 800452 1120000 558270
1979-08-26 8 4 26 1979 20073116 7321562 1423330 727640 5473533 2887000.36381124 8270445 2553422 1420000 1792000 1540000 1647667 847000 1401000 135205 100500 1672590 95180 1011000 799773.604524557 1120000 558270
1979-09-02 9 5 2 1979 20064716.6340017 7315823 1421759 772320 5374567 2863937.85657455 8130952 2439100 1392402 1792000 1540000 1640583 847000 1401000 135205 100500 1672590 95180 1011000 798501.967524229 1120000 558270
1979-09-09 9 6 9 1979 20026140.4544596 7239906 1391990.5112384 737712 5275600 2840875.08628865 8239435 2387014 1343136.47461532 1792000 1482126 1633500 847000 1401000 135205 100500 1672590 95180 1011000 797482.702070976 1120000 558270
1979-09-16 9 7 16 1979 19947567.8091466 7163989 1354627.59192953 764141 5176633 2817813.31600276 8347918 2334849 1266272.94923063 1792000 1424251 1617133 847000 1401000 135205 100500 1672590 95180 1011000 795892.184073993 1120000 558270
1979-09-23 9 8 23 1979 19810086.8838039 7088071 1284385.77257134 790571 5077667 2794750.54571686 8456401 2282683 1189409.42384595 1792000 1366377 1600767 847000 1401000 135205 100500 1672590 95180 1011000 793966.661369568 1120000 557970
1979-09-30 9 9 30 1979 19684774.0672666 7012154 1220618.02057342 796253.362535905 5062722.1603624 2726227 8564884 2230518 1112545.89846127 1792000 1308502 1584400 847000 1401000 135205 100500 1672590 95180 1011000 793863.296249909 1050000 557670
1979-10-07 10 10 7 1979 19492912.1029299 6937496 1155513.54234081 799348.25563585 5044946.07545919 2722854.04722809 8673368 2219031.41021561 1063213.74396499 1768113.50856956 1199292 1574007 847000 1401000 135205 100500 1672590 95180 1011000 791733.176357407 1050000 557370
1979-10-14 10 11 14 1979 19282330.3092665 6862838 1085639.50313135 795048.825150996 5022976.37580489 2719257.58843969 8781851 2207307.11305849 1013881.58946871 1743828.48779422 1090082 1563613 847000 1401000 135205 100500 1672590 95180 1011000 789125.922704257 1050000 554957.259258608
1979-10-21 10 12 21 1979 19077035.5224956 6788181 1031340.67547479 798717.047961167 5007572.29265848 2717570.16778073 8890334 2209982.34651765 964549.434972437 1727562.26470072 980873 1553220 847000 1401000 135205 100500 1672590 95180 1011000 789125.922704257 1050000 556770
1979-10-28 10 13 28 1979 18928150.126411 6713523 1013195.55071944 817000 4999367.27183529 2718578.496891 8943846 2227949.77139743 915217.280476161 1717673.83514393 871663 1542827 847000 1401000 135205 100500 1672590 95180 1011000 789125.922704257 1050000 556470
1979-11-04 11 14 4 1979 18820518.0039933 6638865 1009772.14322923 817000 4986334.57513888 2717092.27864767 8943846 2227920.16704396 865885.125979885 1705020.53871575 762453 1532433 847000 1401000 135205 100500 1672590 95180 711000 789125.922704257 1050000 556170
1979-11-11 11 15 11 1979 18663253.6449611 6e+06 983436.612095787 817000 4957661.28795574 2711956 8904440 2218480.82387486 931724.985232399 1686047.75863277 810031.046783355 1522040 847000 1401000 135205 59960 1672590 95180 711000 790889.607400902 1050000 555870
1979-11-18 11 16 18 1979 18301911.7692345 6e+06 887912.891615682 815745.146997508 4926133.17344579 2653781 8802960 2208016.27134176 997563.844484914 1694520.29523909 630751 1511647 847000 1401000 135205 59960 1672590 95180 711000 790584.084890909 1050000 555570
1979-11-25 11 17 25 1979 17916524.885677 6e+06 797147.502296626 816650.238013481 4893874.92625936 2595605 8701480 2200675.51149914 1063403.70373743 1703811.95050666 564899 1501253 847000 1401000 135205 59960 1672590 95180 711000 791743.113232131 1050000 555270
1979-12-02 12 18 2 1979 17583769.5151611 6e+06 732221.734520302 817000 4861206.41842761 2537430 8600000 2189671.53821236 1129242.56298994 1712968.2152928 499048 1490860 847000 1401000 135205 59960 1672590 95180 711000 610000 1050000 552552.967558368
1979-12-09 12 19 9 1979 17397638.455735 5003357.49935517 736688.383574083 817000 4740955 2423590 8628571 2219460 1195082.42224246 1726794.42771428 499048 1480467 847000 1401000 135205 59960 1672590 95180 711000 610000 1050000 554670
1979-12-16 12 20 16 1979 17193973.2106518 4222242.2240224 736037.725472132 817000 4434658 2309751 8658493.50428093 2213560 1260921.28149497 1736567.90325488 499048 1470073 847000 1401000 135205 59960 1672590 95180 711000 610000 1050000 554370
1979-12-23 12 21 23 1979 16844336.2924829 4e+06 665841.168987618 817000 4205118.02534904 2195911 8685714 2207659 1301510 1734518 499048 1459680 847000 1401000 135205 59960 1672590 95180 711000 610000 1050000 551179
1979-12-30 12 22 30 1979 16482603.8418637 4e+06 585104.327849539 817000 3851311.25038632 2083480 8714286 2201758 1287675 1716865 499048 1449287 847000 1401000 135205 59960 1672590 95180 711000 610000 1050000 544946.755958141
1980-01-06 1 23 6 1980 16197996.1963773 4286759.07908024 376536.357945874 810693 3816635.13003293 2039507.24279518 7450294 2107940 1255979 1657718 499048 1438893 847000 1401000 135205 59960 1672590 95180 717987.528991581 610000 1050000 520730.928363672
1980-01-13 1 24 13 1980 15677825.2954744 4512824 358382 804386 3755413.87022772 1935712.53595132 7450294 2107940 1224283 1598571 499048 1428500 847000 1401000 135205 59960 1672590 95180 726807.09333138 610000 1050000 501603.022677737
1980-01-20 1 25 20 1980 15408758.268065 4109505 344919.11517095 779185 3719561.82226294 1873998.64116963 7450294 2107940 1192587 1539424 499048 1418107 847000 1401000 135205 59960 1672590 95180 756534.108400522 610000 1050000 538415
1980-01-27 1 26 27 1980 15133837.077199 3706187 322165.60166299 741641 3681613.98703811 1805847.94455737 7450294 2104694.28306788 1240365.62739971 1480277 546284.834589404 1407713 847000 1401000 135205 59960 1672590 95180 768584.089889825 610000 1050000 535225
1980-02-03 2 27 3 1980 14842809.470099 3302868 291995.218037286 704096 3641405.36693986 1729606.58543769 7450294 2098308.53239122 1203480.62277927 1421130 558869.449410852 1397320 847000 1401000 135205 59960 1672590 95180 780930.404474601 610000 1050000 532034
1980-02-10 2 28 10 1980 14567533.1107122 3156545.327563 259462.903570706 670000 3596715.40213643 1672929.77577335 7091088 2096309.8509558 1171727.62355625 1297560 579265.911896796 1386927 847000 1401000 135205 59960 1672590 95180 795923.932488441 609781.592625286 1050000 528843
1980-02-17 2 29 17 1980 14306555.7249693 2970170.22488587 224909.871561328 626375 3546372.96592266 1629950.17036346 6731882 2090712.26277175 1139314.28724207 1173990 583658.796850332 1376533 847000 1401000 135205 59960 1672590 95180 812736.737914475 609719.197973591 1050000 525652
1980-02-24 2 30 24 1980 14080799.2446624 2809371.1072315 202630.058579735 582750 3505460.10980956 1599307.41831237 6372675 2091279 1094683 1050419 499048 1366140 847000 1401000 135205 59960 1672590 95180 861000 610000 1048244.15620628 522461
1980-03-02 3 31 2 1980 13848854.9816903 2602202.49419271 177539.375336152 539125 3469456.61422727 1580836.7488225 6695992.34733495 2085725 1020000 926849 499048 1355747 847000 1401000 135205 61545.594963717 1672590 95180 861000 610000 1044950.60832496 519270
1980-03-09 3 32 9 1980 13672508.6894647 2547219.20982251 174969.628469399 495500 3441571.15108206 1581704 6770766.34733495 2096634 1001357.7257014 838337 499048 1345353 847000 1401000 135205 62741.4419051482 1672590 95180 896527.793824636 610000 1049424.37612245 528045
1980-03-16 3 33 16 1980 13521320 2386528.01363725 155262.837279525 413175 3392729.90374484 1583023 6802500.34733495 2107543 982715.451402805 749825 499048 1334960 847000 1401000 135205 64114.2014655446 1672590 95180 875485.004786897 610000 1058396.87210497 536820
1980-03-23 3 34 23 1980 13439452 2114721.89061617 114963.176332886 330850 3324923.24904662 1584343 6828285.34733495 2118452 964073.177104208 661312 499048 1324567 847000 1401000 135205 65489.3024349209 1672590 95180 853609.235824673 610000 1069452.94795489 545595
1980-03-30 3 35 30 1980 13357584 1898574.43639107 75217.3156627624 248525 3255816.92267185 1585663 6864977.34733495 2129361 945430.90280561 572800 499048 1314173 847000 1401000 135205 66862.3917231376 1672590 95180 837115.374707876 632971.937879896 1081393.69877112 551206.585161604
